#time meanCourantNo maxCourantNo Ndt
20 0.400831 0.521887 0.200098
40 0.400772 0.509956 0.204232
60 0.400797 0.515601 0.212513
80 0.400861 0.517913 0.220548
100 0.400929 0.518068 0.227203
120 0.400968 0.519159 0.231913
140 0.400952 0.522414 0.234701
160 0.400954 0.525512 0.239646
180 0.401009 0.52811 0.242758
200 0.401049 0.528936 0.243679
220 0.401046 0.529318 0.242573
240 0.401057 0.528725 0.239742
260 0.401091 0.528633 0.239578
280 0.40111 0.528084 0.23778
300 0.401116 0.528213 0.234851
320 0.401128 0.528646 0.23137
340 0.40113 0.529963 0.228052
360 0.40112 0.531073 0.2254
380 0.401106 0.532529 0.223768
400 0.401092 0.533415 0.22311
420 0.401086 0.534288 0.223868
440 0.401093 0.534411 0.225956
460 0.401109 0.534478 0.227807
480 0.401133 0.533966 0.229165
500 0.40116 0.533698 0.229872
520 0.40119 0.533358 0.230805
540 0.401226 0.533378 0.231406
560 0.401265 0.533274 0.231287
580 0.401318 0.533526 0.230466
600 0.40138 0.533612 0.230047
620 0.401439 0.533942 0.229266
640 0.401477 0.534024 0.228348
660 0.401486 0.53427 0.227744
680 0.401481 0.534295 0.227422
700 0.401478 0.534772 0.227107
720 0.401482 0.535081 0.227258
740 0.401487 0.535672 0.227288
760 0.401483 0.536529 0.227172
780 0.401466 0.537827 0.227533
800 0.401447 0.539005 0.227878
820 0.401448 0.540547 0.228524
840 0.401477 0.541985 0.228674
860 0.401496 0.543562 0.228341
880 0.40148 0.544821 0.228733
900 0.40146 0.546174 0.228753
920 0.401465 0.547205 0.228324
940 0.401491 0.548449 0.227497
960 0.401516 0.549564 0.226355
980 0.401521 0.550802 0.225565
1000 0.401529 0.551832 0.224663
1020 0.401527 0.552954 0.223506
1040 0.401529 0.553834 0.222727
1060 0.401527 0.554734 0.222322
1080 0.401533 0.555328 0.222557
1100 0.40154 0.555869 0.222811
1120 0.401543 0.556074 0.22319
1140 0.401552 0.556231 0.223259
1160 0.401561 0.556126 0.223503
1180 0.401556 0.556085 0.223639
1200 0.401554 0.555943 0.2235
1220 0.40156 0.556017 0.223372
1240 0.401569 0.556124 0.223307
1260 0.401572 0.556511 0.22302
1280 0.401571 0.556928 0.222596
1300 0.401573 0.55754 0.222385
1320 0.401579 0.558062 0.222013
1340 0.401587 0.558638 0.221539
1360 0.401589 0.559022 0.221241
1380 0.401588 0.559408 0.22084
1400 0.401591 0.559629 0.220491
1420 0.401599 0.559926 0.220159
1440 0.401612 0.560163 0.219855
1460 0.401625 0.560559 0.219585
1480 0.401627 0.560944 0.219321
1500 0.401617 0.561474 0.219106
1520 0.4016 0.561944 0.218846
1540 0.401579 0.562479 0.218682
1560 0.401551 0.562886 0.218447
1580 0.401513 0.563313 0.218281
1600 0.401467 0.563611 0.21809
1620 0.401419 0.563955 0.218024
1640 0.401378 0.564221 0.218023
1660 0.401345 0.564575 0.218028
1680 0.401322 0.564876 0.218036
1700 0.401311 0.565257 0.218048
1720 0.40131 0.56556 0.218059
1740 0.401319 0.565904 0.218069
1760 0.401335 0.566145 0.218076
1780 0.401356 0.566417 0.218079
1800 0.40138 0.566604 0.218076
1820 0.401397 0.566847 0.218069
1840 0.401402 0.567029 0.218055
1860 0.401396 0.567274 0.218037
1880 0.40139 0.567453 0.218014
1900 0.401383 0.567675 0.217988
1920 0.40137 0.567812 0.217957
1940 0.401355 0.567977 0.217926
1960 0.401345 0.568055 0.217891
1980 0.401336 0.568162 0.217857
2000 0.40133 0.568192 0.217821
2020 0.40133 0.568264 0.217786
2040 0.401339 0.568281 0.21775
2060 0.401349 0.568363 0.217716
2080 0.401355 0.568424 0.217682
2100 0.401357 0.568585 0.21765
2120 0.401353 0.568758 0.217619
2140 0.40134 0.569054 0.21759
2160 0.401321 0.56938 0.217563
2180 0.401303 0.569823 0.217537
2200 0.401288 0.570272 0.217513
2220 0.401281 0.570792 0.21749
2240 0.401287 0.571252 0.217468
2260 0.401299 0.571706 0.217448
2280 0.401311 0.572027 0.217428
2300 0.401315 0.572285 0.21741
2320 0.401309 0.572389 0.217393
2340 0.401295 0.572443 0.217377
2360 0.401279 0.572396 0.217361
2380 0.401266 0.572375 0.217346
2400 0.401263 0.572342 0.21733
2420 0.401269 0.572414 0.217314
2440 0.401283 0.572528 0.217297
2460 0.401299 0.572764 0.217279
2480 0.401317 0.573019 0.21726
2500 0.401335 0.573339 0.217241
2520 0.401354 0.573606 0.21722
2540 0.401375 0.573865 0.2172
2560 0.401398 0.574019 0.217179
2580 0.401426 0.574144 0.21716
2600 0.40146 0.57418 0.217141
2620 0.4015 0.574229 0.217123
2640 0.401542 0.574247 0.217106
2660 0.401579 0.574331 0.217089
2680 0.401608 0.574421 0.217072
2700 0.401629 0.574584 0.217069
2720 0.401641 0.574734 0.217068
2740 0.401647 0.574917 0.217063
2760 0.401646 0.575043 0.217061
2780 0.401638 0.575169 0.217056
2800 0.401624 0.575227 0.217053
2820 0.401608 0.575294 0.217049
2840 0.401594 0.575322 0.217048
2860 0.401583 0.575397 0.217046
2880 0.401574 0.575467 0.217047
2900 0.401567 0.575602 0.217045
2920 0.401563 0.575734 0.217047
2940 0.401561 0.575917 0.217045
2960 0.401562 0.576078 0.217046
2980 0.401565 0.576271 0.217043
3000 0.40157 0.576429 0.217043
3020 0.401577 0.576618 0.217041
3040 0.401587 0.576778 0.217041
3060 0.4016 0.576974 0.217039
3080 0.401613 0.577142 0.217039
3100 0.401624 0.577332 0.217038
3120 0.401631 0.577471 0.21704
3140 0.401632 0.577599 0.21704
3160 0.401626 0.577645 0.217043
3180 0.401616 0.577657 0.217043
3200 0.401606 0.57758 0.217045
3220 0.401597 0.577484 0.217044
3240 0.401591 0.577331 0.217046
3260 0.401591 0.577204 0.217045
3280 0.401595 0.577074 0.217046
3300 0.4016 0.57702 0.217045
3320 0.401605 0.577006 0.217046
3340 0.401608 0.577095 0.217044
3360 0.401609 0.577232 0.217045
3380 0.401607 0.577462 0.217044
3400 0.401604 0.577712 0.217045
3420 0.401602 0.57801 0.217044
3440 0.401601 0.578275 0.217045
3460 0.4016 0.578531 0.217043
3480 0.401596 0.578705 0.217043
3500 0.401588 0.578836 0.21704
3520 0.401577 0.578873 0.217039
3540 0.401562 0.578879 0.217035
3560 0.401544 0.578828 0.217031
3580 0.401523 0.578797 0.217025
3600 0.401498 0.578764 0.217019
3620 0.401468 0.578798 0.217012
3640 0.401435 0.578857 0.217006
3660 0.401401 0.578984 0.216998
3680 0.40137 0.579113 0.216992
3700 0.401344 0.57927 0.216985
3720 0.401323 0.579383 0.216981
3740 0.401307 0.57948 0.216976
3760 0.401296 0.579507 0.216973
3780 0.401293 0.579513 0.21697
3800 0.401298 0.579464 0.216969
3820 0.401312 0.579425 0.216966
3840 0.401331 0.579367 0.216964
3860 0.401353 0.579349 0.21696
3880 0.401377 0.57933 0.216957
3900 0.4014 0.579349 0.216951
3920 0.401419 0.57935 0.216946
3940 0.401431 0.579362 0.216939
3960 0.401435 0.579326 0.216933
3980 0.401433 0.57928 0.216926
4000 0.401426 0.579178 0.21692
4020 0.401417 0.579072 0.216914
4040 0.401409 0.578932 0.21691
4060 0.401403 0.578818 0.216904
4080 0.4014 0.5787 0.216901
4100 0.401401 0.578634 0.216896
4120 0.401405 0.578582 0.216893
4140 0.401414 0.578589 0.216888
4160 0.401424 0.578612 0.216885
4180 0.401433 0.578691 0.21688
4200 0.401441 0.578784 0.216876
4220 0.401445 0.57893 0.216872
4240 0.401446 0.579089 0.216869
4260 0.401446 0.579297 0.216865
4280 0.401446 0.579509 0.216863
4300 0.401446 0.579749 0.216861
4320 0.401448 0.579963 0.21686
4340 0.401452 0.580167 0.216859
4360 0.401458 0.580307 0.216859
4380 0.401466 0.580407 0.216858
4400 0.401476 0.580425 0.216858
4420 0.401489 0.580405 0.216857
4440 0.401504 0.580324 0.216857
4460 0.40152 0.580242 0.216856
4480 0.401536 0.58015 0.216857
4500 0.401552 0.580107 0.216856
4520 0.401568 0.580094 0.216857
4540 0.401584 0.580158 0.216857
4560 0.401601 0.580262 0.216859
4580 0.40162 0.58043 0.21686
4600 0.401642 0.58061 0.216863
4620 0.40167 0.580816 0.216865
4640 0.401704 0.580993 0.216868
4660 0.401741 0.581157 0.21687
4680 0.401781 0.581263 0.216873
4700 0.401819 0.581341 0.216874
4720 0.401856 0.581364 0.216875
4740 0.40189 0.581376 0.216874
4760 0.401919 0.58136 0.216874
4780 0.401941 0.581367 0.21687
4800 0.401955 0.581378 0.216867
4820 0.401961 0.581436 0.216862
4840 0.401959 0.581509 0.216857
4860 0.401952 0.581626 0.216851
4880 0.401941 0.581742 0.216846
4900 0.401929 0.581875 0.21684
4920 0.401916 0.581982 0.216835
4940 0.401903 0.582083 0.21683
4960 0.401892 0.582147 0.216827
4980 0.401886 0.582207 0.216823
5000 0.401887 0.582244 0.21682
5020 0.401897 0.582299 0.216817
5040 0.401913 0.582352 0.216814
5060 0.401934 0.582438 0.21681
5080 0.401956 0.582527 0.216806
5100 0.401977 0.582639 0.2168
5120 0.401995 0.582731 0.216796
5140 0.402006 0.582818 0.21679
5160 0.402011 0.582855 0.216784
5180 0.402011 0.582861 0.216778
5200 0.402007 0.582805 0.216774
5220 0.402003 0.582715 0.216768
5240 0.402 0.582574 0.216764
5260 0.402 0.582419 0.21676
5280 0.402003 0.582236 0.216756
5300 0.40201 0.582064 0.216751
5320 0.402022 0.581888 0.216747
5340 0.402036 0.581742 0.216742
5360 0.402051 0.581607 0.216737
5380 0.402063 0.581516 0.216731
5400 0.402071 0.581449 0.216726
5420 0.402073 0.581435 0.21672
5440 0.402071 0.581449 0.216715
5460 0.402065 0.581516 0.216709
5480 0.402057 0.581601 0.216704
5500 0.402048 0.581719 0.216698
5520 0.402038 0.581826 0.216694
5540 0.402026 0.581931 0.216688
5560 0.402014 0.581991 0.216684
5580 0.402 0.582019 0.216678
5600 0.401985 0.581984 0.216672
5620 0.401969 0.581915 0.216665
5640 0.401951 0.581799 0.216659
5660 0.401931 0.581676 0.216652
5680 0.40191 0.581543 0.216645
5700 0.401887 0.581441 0.216637
5720 0.401865 0.581362 0.216631
5740 0.401843 0.581335 0.216625
5760 0.401825 0.581335 0.21662
5780 0.401811 0.581376 0.216615
5800 0.401803 0.581421 0.216611
5820 0.401801 0.581478 0.216608
5840 0.401806 0.581512 0.216606
5860 0.401815 0.581526 0.216605
5880 0.401827 0.581499 0.216604
5900 0.401842 0.581448 0.216603
5920 0.401859 0.581363 0.216602
5940 0.401877 0.58127 0.2166
5960 0.401896 0.581165 0.216599
5980 0.401912 0.581074 0.216596
6000 0.401925 0.58099 0.216593
6020 0.401934 0.580931 0.216589
6040 0.401939 0.580881 0.216586
6060 0.401941 0.580851 0.216581
6080 0.40194 0.580819 0.216578
6100 0.401938 0.580794 0.216574
6120 0.401935 0.580758 0.216571
6140 0.401932 0.580727 0.216568
6160 0.401929 0.580688 0.216567
6180 0.401928 0.580668 0.216565
6200 0.40193 0.580661 0.216564
6220 0.401935 0.580693 0.216563
6240 0.401944 0.580758 0.216562
6260 0.401954 0.580874 0.216561
6280 0.401967 0.581023 0.21656
6300 0.40198 0.581212 0.216558
6320 0.401992 0.581414 0.216557
6340 0.402001 0.581625 0.216556
6360 0.402009 0.581818 0.216555
6380 0.402015 0.58199 0.216554
6400 0.40202 0.58212 0.216554
6420 0.402027 0.582216 0.216554
6440 0.402035 0.582264 0.216555
6460 0.402044 0.582281 0.216555
6480 0.402055 0.582261 0.216557
6500 0.402069 0.582225 0.216557
6520 0.402085 0.58217 0.216559
6540 0.402105 0.582117 0.21656
6560 0.402127 0.582065 0.216561
6580 0.402152 0.582033 0.216562
6600 0.402178 0.58202 0.216564
6620 0.402205 0.582042 0.216565
6640 0.402234 0.582091 0.216567
6660 0.402265 0.582179 0.216569
6680 0.402298 0.582287 0.216572
6700 0.402332 0.582417 0.216574
6720 0.402366 0.582546 0.216577
6740 0.402399 0.582669 0.216579
6760 0.402429 0.582763 0.216582
6780 0.402455 0.58283 0.216583
6800 0.402478 0.582854 0.216584
6820 0.402495 0.582851 0.216584
6840 0.402507 0.582819 0.216583
6860 0.402513 0.582781 0.216582
6880 0.402514 0.582742 0.21658
6900 0.402512 0.582728 0.216577
6920 0.402506 0.582737 0.216574
6940 0.402499 0.582783 0.216572
6960 0.402493 0.582856 0.216569
6980 0.402487 0.582956 0.216567
7000 0.402484 0.583065 0.216566
7020 0.402483 0.583179 0.216565
7040 0.402484 0.583278 0.216565
7060 0.402487 0.583365 0.216566
7080 0.402492 0.583426 0.216567
7100 0.402498 0.583474 0.216568
7120 0.402507 0.583502 0.216569
7140 0.402518 0.583526 0.21657
7160 0.40253 0.583541 0.216571
7180 0.402542 0.58356 0.216572
7200 0.402552 0.583574 0.216572
7220 0.40256 0.583589 0.216572
7240 0.402566 0.58359 0.216573
7260 0.40257 0.583579 0.216572
7280 0.402572 0.583542 0.216573
7300 0.402572 0.583485 0.216573
7320 0.402571 0.583398 0.216574
7340 0.40257 0.583295 0.216575
7360 0.402568 0.583176 0.216577
7380 0.402568 0.583063 0.216578
7400 0.402569 0.58296 0.21658
7420 0.40257 0.582888 0.216582
7440 0.402573 0.582851 0.216583
7460 0.402576 0.582862 0.216584
7480 0.402577 0.582914 0.216585
7500 0.402576 0.583011 0.216585
7520 0.402572 0.583136 0.216585
7540 0.402565 0.583286 0.216585
7560 0.402555 0.58344 0.216585
7580 0.402542 0.583593 0.216584
7600 0.402526 0.583726 0.216584
7620 0.402509 0.583838 0.216584
7640 0.40249 0.583918 0.216584
7660 0.402471 0.583971 0.216583
7680 0.402451 0.583992 0.216583
7700 0.402431 0.583991 0.216581
7720 0.402412 0.583968 0.21658
7740 0.402394 0.583938 0.216578
7760 0.402377 0.583901 0.216577
7780 0.402361 0.583874 0.216575
7800 0.402347 0.583856 0.216574
7820 0.402333 0.58386 0.216572
7840 0.402323 0.583881 0.216572
7860 0.402316 0.583926 0.216571
7880 0.402314 0.583983 0.216572
7900 0.402317 0.584049 0.216572
7920 0.402324 0.584109 0.216573
7940 0.402334 0.584157 0.216574
7960 0.402347 0.584178 0.216575
7980 0.402361 0.584171 0.216576
8000 0.402376 0.584128 0.216576
8020 0.40239 0.58406 0.216576
8040 0.402402 0.583966 0.216575
8060 0.402409 0.583864 0.216573
8080 0.402413 0.58376 0.216571
8100 0.402413 0.58367 0.216568
8120 0.402409 0.583596 0.216564
8140 0.402403 0.583548 0.216561
8160 0.402396 0.583519 0.216557
8180 0.402388 0.583512 0.216553
8200 0.402382 0.583517 0.21655
8220 0.402377 0.583533 0.216547
8240 0.402374 0.58355 0.216545
8260 0.402372 0.583574 0.216542
8280 0.402372 0.583598 0.21654
8300 0.402375 0.583634 0.216538
8320 0.402379 0.583678 0.216537
8340 0.402386 0.583741 0.216535
8360 0.402394 0.583817 0.216533
8380 0.402402 0.58391 0.21653
8400 0.402409 0.584009 0.216528
8420 0.402414 0.584111 0.216525
8440 0.402416 0.584201 0.216523
8460 0.402418 0.584272 0.216521
8480 0.402419 0.584312 0.216519
8500 0.40242 0.584318 0.216517
8520 0.402422 0.584285 0.216516
8540 0.402427 0.58422 0.216515
8560 0.402434 0.584126 0.216515
8580 0.402445 0.58402 0.216514
8600 0.40246 0.583907 0.216515
8620 0.402477 0.583806 0.216514
8640 0.402499 0.583723 0.216515
8660 0.402522 0.58367 0.216514
8680 0.402546 0.583647 0.216514
8700 0.40257 0.583659 0.216514
8720 0.402594 0.583697 0.216514
8740 0.402617 0.58376 0.216514
8760 0.40264 0.583833 0.216514
8780 0.402661 0.583913 0.216514
8800 0.402681 0.583987 0.216514
8820 0.402699 0.584051 0.216514
8840 0.402714 0.584097 0.216513
8860 0.402725 0.584125 0.216512
8880 0.402732 0.584132 0.216511
8900 0.402736 0.584124 0.216509
8920 0.402736 0.584103 0.216506
8940 0.402733 0.584078 0.216503
8960 0.402727 0.584053 0.216499
8980 0.402718 0.58404 0.216496
9000 0.402708 0.58404 0.216492
9020 0.402696 0.584064 0.2165
9040 0.402684 0.584107 0.216546
9060 0.402674 0.584173 0.216592
9080 0.402665 0.584253 0.216637
9100 0.40266 0.584344 0.216682
9120 0.402658 0.584432 0.216727
9140 0.402659 0.584513 0.216772
9160 0.402662 0.584574 0.216817
9180 0.402668 0.584614 0.216861
9200 0.402676 0.584625 0.216905
9220 0.402685 0.584612 0.216949
9240 0.402693 0.584575 0.216993
9260 0.402701 0.584522 0.217037
9280 0.402705 0.584457 0.21708
9300 0.402707 0.584388 0.217124
9320 0.402706 0.584316 0.217167
9340 0.402702 0.584244 0.21721
9360 0.402696 0.58417 0.217253
9380 0.402689 0.584095 0.217295
9400 0.402682 0.584015 0.217338
9420 0.402675 0.583933 0.21738
9440 0.402669 0.583848 0.217422
9460 0.402663 0.583768 0.217464
9480 0.402659 0.583695 0.217506
9500 0.402655 0.583641 0.217548
9520 0.402651 0.583609 0.217589
9540 0.402648 0.583609 0.217631
9560 0.402644 0.583637 0.217673
9580 0.402639 0.583697 0.217714
9600 0.402632 0.583779 0.217756
9620 0.402621 0.583877 0.217797
9640 0.402607 0.583976 0.217838
9660 0.40259 0.584069 0.217879
9680 0.402571 0.584142 0.21792
9700 0.40255 0.584189 0.217962
9720 0.402527 0.584204 0.218003
9740 0.402505 0.58419 0.218044
9760 0.402485 0.584147 0.218085
9780 0.402466 0.584086 0.218126
9800 0.40245 0.584012 0.218167
9820 0.402437 0.583939 0.218209
9840 0.402426 0.58387 0.21825
9860 0.402418 0.583818 0.218292
9880 0.402412 0.583781 0.218334
9900 0.402408 0.583766 0.218379
9920 0.402406 0.583767 0.218425
9940 0.402406 0.583783 0.21847
9960 0.402409 0.583806 0.218515
9980 0.402414 0.583832 0.21856
10000 0.402422 0.583851 0.218605
10020 0.402431 0.58386 0.21865
10040 0.402442 0.583853 0.218695
10060 0.402454 0.583828 0.21874
10080 0.402465 0.583784 0.218785
10100 0.402475 0.583726 0.21883
10120 0.402482 0.583654 0.218875
10140 0.402486 0.58358 0.21892
10160 0.402486 0.583506 0.218965
10180 0.402483 0.583444 0.21901
10200 0.402477 0.583397 0.219055
10220 0.402468 0.583374 0.2191
10240 0.402459 0.583375 0.219144
10260 0.402449 0.583403 0.219189
10280 0.402441 0.583454 0.219233
10300 0.402435 0.583526 0.219278
10320 0.402431 0.583611 0.219322
10340 0.402429 0.583706 0.219366
10360 0.402431 0.583803 0.219411
10380 0.402435 0.583901 0.219455
10400 0.402442 0.583993 0.219498
10420 0.40245 0.584082 0.219542
10440 0.402458 0.584164 0.219586
10460 0.402466 0.584241 0.219629
10480 0.402472 0.584312 0.219672
10500 0.402477 0.584377 0.219715
10520 0.40248 0.584432 0.219758
10540 0.402481 0.584475 0.219801
10560 0.402482 0.584501 0.219844
10580 0.402482 0.584508 0.219886
10600 0.402484 0.584492 0.219929
10620 0.402488 0.584457 0.219971
10640 0.402494 0.584404 0.220013
10660 0.402503 0.584342 0.220054
10680 0.402515 0.584276 0.220096
10700 0.402529 0.584218 0.220138
10720 0.402545 0.584176 0.220179
10740 0.402564 0.584159 0.220221
10760 0.402583 0.584168 0.220262
10780 0.402602 0.584207 0.220304
10800 0.402619 0.584269 0.220345
10820 0.402635 0.584351 0.220386
10840 0.402649 0.584441 0.220426
10860 0.402659 0.584532 0.220467
10880 0.402666 0.584614 0.220508
10900 0.40267 0.584681 0.220548
10920 0.402671 0.584726 0.220588
10940 0.402668 0.584752 0.220628
10960 0.402664 0.584757 0.220668
10980 0.402657 0.584749 0.220708
11000 0.402649 0.584731 0.220748
11020 0.40264 0.584713 0.220788
11040 0.40263 0.5847 0.220827
11060 0.40262 0.584698 0.220867
11080 0.40261 0.58471 0.220906
11100 0.402599 0.584738 0.220946
11120 0.402589 0.584781 0.220985
11140 0.402579 0.584837 0.221024
11160 0.402572 0.584899 0.221063
11180 0.402567 0.584964 0.221102
11200 0.402564 0.585022 0.22114
11220 0.402564 0.58507 0.221178
11240 0.402567 0.585101 0.221217
11260 0.402571 0.585112 0.221255
11280 0.402577 0.585099 0.221292
11300 0.402583 0.585066 0.22133
11320 0.402588 0.585011 0.221367
11340 0.402591 0.58494 0.221405
11360 0.402591 0.584857 0.221442
11380 0.402587 0.58477 0.221479
11400 0.402581 0.584681 0.221515
11420 0.402572 0.584597 0.221552
11440 0.402561 0.584521 0.221588
11460 0.402549 0.584457 0.221624
11480 0.402538 0.584404 0.22166
11500 0.402527 0.584365 0.221696
11520 0.402517 0.584337 0.221732
11540 0.402507 0.584322 0.221768
11560 0.402498 0.584318 0.221804
11580 0.40249 0.584328 0.221839
11600 0.402481 0.58435 0.221875
11620 0.402472 0.584386 0.22191
11640 0.402462 0.584435 0.221945
11660 0.40245 0.584498 0.221981
11680 0.402436 0.58457 0.222016
11700 0.40242 0.584649 0.222051
11720 0.402401 0.584728 0.222086
11740 0.402379 0.584801 0.222121
11760 0.402356 0.584859 0.222155
11780 0.402333 0.584899 0.22219
11800 0.402309 0.584916 0.222224
11820 0.402286 0.584909 0.222259
11840 0.402265 0.584878 0.222293
11860 0.402246 0.584831 0.222327
11880 0.40223 0.584772 0.222361
11900 0.402217 0.584712 0.222396
11920 0.402208 0.584656 0.22243
11940 0.402202 0.584614 0.222464
11960 0.402199 0.584587 0.222498
11980 0.402199 0.584579 0.222532
12000 0.402202 0.584586 0.222566
12020 0.402206 0.584607 0.2226
12040 0.402212 0.584633 0.222634
12060 0.402218 0.584658 0.222667
12080 0.402225 0.584676 0.222701
12100 0.402232 0.584681 0.222734
12120 0.402239 0.584671 0.222768
12140 0.402244 0.584645 0.222801
12160 0.402247 0.584604 0.222834
12180 0.402249 0.584554 0.222866
12200 0.402249 0.584498 0.222899
12220 0.402247 0.584444 0.222931
12240 0.402243 0.584398 0.222963
12260 0.402236 0.584365 0.222995
12280 0.402229 0.58435 0.223027
12300 0.402221 0.584356 0.223061
12320 0.402213 0.584382 0.223097
12340 0.402205 0.584429 0.223132
12360 0.402198 0.584492 0.223168
12380 0.402194 0.58457 0.223203
12400 0.402192 0.584655 0.223238
12420 0.402193 0.584744 0.223273
12440 0.402197 0.58483 0.223308
12460 0.402204 0.584911 0.223342
12480 0.402212 0.58498 0.223377
12500 0.402221 0.585038 0.223411
12520 0.402232 0.585082 0.223444
12540 0.402241 0.585112 0.223478
12560 0.40225 0.585129 0.223511
12580 0.402258 0.585135 0.223544
12600 0.402265 0.58513 0.223577
12620 0.402271 0.585117 0.223609
12640 0.402278 0.585095 0.223642
12660 0.402285 0.585068 0.223674
12680 0.402293 0.585034 0.223706
12700 0.402304 0.584996 0.223738
12720 0.402317 0.584956 0.22377
12740 0.402332 0.584917 0.223802
12760 0.402349 0.584881 0.223834
12780 0.402368 0.584853 0.223866
12800 0.402388 0.584836 0.223898
12820 0.402408 0.584835 0.223929
12840 0.402428 0.584851 0.223961
12860 0.402447 0.584885 0.223992
12880 0.402463 0.584936 0.224024
12900 0.402477 0.585 0.224055
12920 0.402488 0.585071 0.224086
12940 0.402496 0.585144 0.224116
12960 0.4025 0.585212 0.224147
12980 0.4025 0.58527 0.224178
13000 0.402498 0.585313 0.224208
13020 0.402493 0.58534 0.224239
13040 0.402486 0.585352 0.224269
13060 0.402479 0.585352 0.2243
13080 0.402471 0.585346 0.22433
13100 0.402464 0.585339 0.224361
13120 0.402458 0.585337 0.224392
13140 0.402453 0.585346 0.224422
13160 0.40245 0.585368 0.224453
13180 0.402447 0.585404 0.224483
13200 0.402446 0.585451 0.224513
13220 0.402446 0.585506 0.224543
13240 0.402447 0.585562 0.224573
13260 0.40245 0.585615 0.224602
13280 0.402453 0.585656 0.224632
13300 0.402458 0.585682 0.224661
13320 0.402463 0.585688 0.22469
13340 0.402469 0.585674 0.224719
13360 0.402474 0.58564 0.224748
13380 0.40248 0.585589 0.224777
13400 0.402485 0.585523 0.224806
13420 0.402489 0.58545 0.224834
13440 0.40249 0.585373 0.224863
13460 0.40249 0.585299 0.224891
13480 0.402488 0.585231 0.22492
13500 0.402483 0.585175 0.224948
13520 0.402476 0.585132 0.224975
13540 0.402469 0.585104 0.225003
13560 0.40246 0.585092 0.22503
13580 0.402452 0.585095 0.225057
13600 0.402443 0.58511 0.225084
13620 0.402435 0.585137 0.225111
13640 0.402427 0.585173 0.225138
13660 0.40242 0.585216 0.225165
13680 0.402412 0.585263 0.225192
13700 0.402404 0.585313 0.225219
13720 0.402396 0.585365 0.225247
13740 0.402387 0.585415 0.225274
13760 0.402376 0.585464 0.2253
13780 0.402364 0.585509 0.225327
13800 0.40235 0.585547 0.225354
13820 0.402335 0.585578 0.22538
13840 0.40232 0.585598 0.225406
13860 0.402305 0.585607 0.225431
13880 0.40229 0.585602 0.225457
13900 0.402277 0.585583 0.225482
13920 0.402266 0.58555 0.225508
13940 0.402258 0.585507 0.225534
13960 0.402252 0.585456 0.22556
13980 0.402249 0.585401 0.225586
14000 0.402249 0.585348 0.225612
14020 0.402252 0.585302 0.225639
14040 0.402257 0.585267 0.225665
14060 0.402264 0.585244 0.225691
14080 0.402273 0.585235 0.225717
14100 0.402283 0.585237 0.225743
14120 0.402293 0.585247 0.225768
14140 0.402303 0.585258 0.225793
14160 0.402312 0.585264 0.225817
14180 0.40232 0.585261 0.225841
14200 0.402325 0.585243 0.225865
14220 0.402329 0.585209 0.225889
14240 0.40233 0.58516 0.225914
14260 0.40233 0.585101 0.225939
14280 0.402327 0.585039 0.225964
14300 0.402324 0.584983 0.22599
14320 0.40232 0.58494 0.226015
14340 0.402315 0.584918 0.226041
14360 0.402311 0.584921 0.226067
14380 0.402308 0.584951 0.226093
14400 0.402306 0.585005 0.226118
14420 0.402305 0.585077 0.226142
14440 0.402305 0.585159 0.226166
14460 0.402307 0.585243 0.226189
14480 0.402311 0.58532 0.226211
14500 0.402316 0.585384 0.226234
14520 0.402323 0.58543 0.226256
14540 0.402332 0.585458 0.226279
14560 0.402342 0.58547 0.226302
14580 0.402353 0.58547 0.226326
14600 0.402364 0.58546 0.22635
14620 0.402375 0.585448 0.226375
14640 0.402386 0.585433 0.226399
14660 0.402396 0.58542 0.226424
14680 0.402405 0.585406 0.226448
14700 0.402415 0.585391 0.226471
14720 0.402426 0.585371 0.226494
14740 0.402437 0.585347 0.226516
14760 0.40245 0.585316 0.226537
14780 0.402463 0.58528 0.226558
14800 0.402478 0.585242 0.226579
14820 0.402495 0.585207 0.2266
14840 0.402512 0.585178 0.226621
14860 0.40253 0.585162 0.226643
14880 0.402547 0.585162 0.226664
14900 0.402564 0.58518 0.226687
14920 0.402579 0.585215 0.226709
14940 0.402593 0.585266 0.226732
14960 0.402604 0.585328 0.226754
14980 0.402612 0.585397 0.226777
15000 0.402618 0.585464 0.226798
15020 0.402622 0.585527 0.22682
15040 0.402624 0.58558 0.226841
15060 0.402622 0.58562 0.226861
15080 0.402619 0.585647 0.226882
15100 0.402615 0.58566 0.226902
15120 0.40261 0.585663 0.226923
15140 0.402605 0.58566 0.226943
15160 0.4026 0.585652 0.226964
15180 0.402596 0.585647 0.226986
15200 0.402593 0.585645 0.227007
15220 0.402592 0.585651 0.227028
15240 0.402592 0.585666 0.227049
15260 0.402594 0.58569 0.22707
15280 0.402597 0.585719 0.227091
15300 0.402602 0.585753 0.227111
15320 0.402609 0.585785 0.227131
15340 0.402617 0.58581 0.227151
15360 0.402626 0.585823 0.227171
15380 0.402635 0.58582 0.22719
15400 0.402643 0.585797 0.22721
15420 0.402651 0.585754 0.227229
15440 0.402657 0.585692 0.227249
15460 0.402662 0.585615 0.227269
15480 0.402666 0.585529 0.227288
15500 0.402668 0.585441 0.227308
15520 0.402668 0.585358 0.227328
15540 0.402666 0.585288 0.227347
15560 0.402664 0.585234 0.227367
15580 0.40266 0.5852 0.227386
15600 0.402655 0.585185 0.227406
15620 0.40265 0.585188 0.227425
15640 0.402645 0.585205 0.227444
15660 0.402639 0.585231 0.227462
15680 0.402634 0.585263 0.227481
15700 0.402629 0.585296 0.227499
15720 0.402624 0.585328 0.227517
15740 0.402619 0.585359 0.227536
15760 0.402614 0.585388 0.227554
15780 0.402609 0.585417 0.227572
15800 0.402603 0.585447 0.227591
15820 0.402598 0.585477 0.22761
15840 0.402591 0.585508 0.227629
15860 0.402583 0.585537 0.227648
15880 0.402575 0.585562 0.227668
15900 0.402566 0.585579 0.227687
15920 0.402558 0.585585 0.227705
15940 0.40255 0.585578 0.227724
15960 0.402544 0.585557 0.227742
15980 0.402539 0.585524 0.22776
16000 0.402537 0.585481 0.227777
16020 0.402538 0.585434 0.227795
16040 0.402541 0.585385 0.227813
16060 0.402547 0.585342 0.227831
16080 0.402555 0.585307 0.227851
16100 0.402565 0.585283 0.227873
16120 0.402577 0.585273 0.227895
16140 0.402589 0.585274 0.227917
16160 0.402602 0.585284 0.227938
16180 0.402614 0.5853 0.227959
16200 0.402626 0.585317 0.22798
16220 0.402635 0.585332 0.228001
16240 0.402644 0.585342 0.228021
16260 0.40265 0.585344 0.228042
16280 0.402655 0.585338 0.228062
16300 0.402658 0.585324 0.228083
16320 0.40266 0.585306 0.228104
16340 0.402661 0.585287 0.228126
16360 0.402661 0.585271 0.228147
16380 0.40266 0.585262 0.228169
16400 0.40266 0.585263 0.22819
16420 0.40266 0.585279 0.228211
16440 0.40266 0.585311 0.228232
16460 0.402661 0.585359 0.228253
16480 0.402664 0.58542 0.228274
16500 0.402667 0.585492 0.228294
16520 0.402672 0.58557 0.228314
16540 0.402679 0.585648 0.228334
16560 0.402687 0.585721 0.228354
16580 0.402696 0.585782 0.228374
16600 0.402707 0.585827 0.228394
16620 0.402719 0.585855 0.228414
16640 0.402731 0.585865 0.228435
16660 0.402743 0.585857 0.228455
16680 0.402756 0.585835 0.228475
16700 0.402768 0.585804 0.228495
16720 0.402781 0.585767 0.228515
16740 0.402792 0.58573 0.228535
16760 0.402804 0.585695 0.228554
16780 0.402815 0.585665 0.228574
16800 0.402826 0.585641 0.228593
16820 0.402838 0.585623 0.228611
16840 0.40285 0.585609 0.228629
16860 0.402862 0.5856 0.228648
16880 0.402875 0.585594 0.228666
16900 0.402888 0.585593 0.228684
16920 0.402902 0.585595 0.228703
16940 0.402915 0.585604 0.228722
16960 0.402928 0.58562 0.228741
