#time   KE       internal potential normalisedEnergy  max w max theta heatError entropyError thetaVariance thetaRhoVariance
0  0  0  0  0  0  391.025 0 0 882.86 9726.66
20  -7.6603e-09  7.54104e-10  -1.09363e-10  -7.01556e-09  1.90504  391.025 4.71223e-12 -2.77135e-11 882.86 9726.66
40  -8.24925e-09  3.87984e-09  -2.82551e-09  -7.19492e-09  1.94209  391.025 2.08205e-11 -1.81901e-11 882.86 9726.66
60  -9.05493e-09  6.43908e-09  -5.37596e-09  -7.99181e-09  1.9385  391.025 4.30187e-11 -3.38728e-10 882.86 9726.66
80  -9.64477e-09  7.47076e-09  -5.20289e-09  -7.3769e-09  1.94204  391.025 7.30244e-11 -9.43023e-10 882.86 9726.66
100  -1.05921e-08  7.65319e-09  -4.90851e-09  -7.84737e-09  1.92584  391.025 1.13377e-10 -1.46169e-09 882.86 9726.66
120  -1.12995e-08  7.99876e-09  -4.11416e-09  -7.41485e-09  1.92182  391.025 1.63991e-10 -1.90746e-09 882.86 9726.66
140  -1.22314e-08  7.27076e-09  -2.90927e-09  -7.86989e-09  1.90307  391.025 2.2393e-10 -2.52017e-09 882.86 9726.66
160  -1.27981e-08  6.63332e-09  -1.38302e-09  -7.5478e-09  1.89261  391.025 2.9308e-10 -3.46817e-09 882.86 9726.66
180  -1.34732e-08  5.50486e-09  7.75926e-11  -7.89072e-09  1.87315  391.025 3.71615e-10 -4.67588e-09 882.86 9726.66
200  -1.3792e-08  4.71612e-09  1.29244e-09  -7.78339e-09  1.86575  391.025 4.59366e-10 -5.74621e-09 882.86 9726.66
220  -1.42003e-08  4.09119e-09  2.11738e-09  -7.99174e-09  1.85558  391.025 5.55597e-10 -6.27984e-09 882.86 9726.66
240  -1.43321e-08  3.8244e-09  2.52191e-09  -7.98575e-09  1.85852  391.025 6.58486e-10 -6.14524e-09 882.86 9726.66
260  -1.46115e-08  3.89437e-09  2.61059e-09  -8.10658e-09  1.86086  391.025 7.63843e-10 -5.60407e-09 882.86 9726.66
280  -1.47474e-08  4.03453e-09  2.56659e-09  -8.14628e-09  1.87496  391.025 8.65347e-10 -5.09681e-09 882.86 9726.66
300  -1.51073e-08  4.22493e-09  2.61691e-09  -8.26545e-09  1.88786  391.025 9.62107e-10 -4.90046e-09 882.86 9726.66
320  -1.54288e-08  4.24626e-09  2.91467e-09  -8.2679e-09  1.90891  391.025 1.08885e-09 -4.96266e-09 882.86 9726.66
340  -1.5967e-08  4.31184e-09  3.54009e-09  -8.11505e-09  1.92602  391.025 1.39604e-09 -4.98661e-09 882.86 9726.66
360  -1.63092e-08  5.04058e-09  4.42122e-09  -6.84741e-09  1.94678  391.025 2.31846e-09 -4.40726e-09 882.86 9726.66
380  -1.62599e-08  7.67966e-09  5.52837e-09  -3.0519e-09  1.96074  391.025 4.85923e-09 -2.10376e-09 882.86 9726.66
400  -1.46695e-08  1.47384e-08  6.93897e-09  7.00794e-09  1.97505  391.025 1.09613e-08 4.07789e-09 882.86 9726.66
420  -1.01388e-08  2.96319e-08  9.13199e-09  2.86251e-08  1.98147  391.025 2.38301e-08 1.7672e-08 882.86 9726.66
440  -1.10627e-10  5.73476e-08  1.29832e-08  7.02202e-08  1.98738  391.025 4.7941e-08 4.35558e-08 882.86 9726.66
460  1.80901e-08  1.02714e-07  1.99065e-08  1.40711e-07  1.98655  391.025 8.83966e-08 8.7147e-08 882.86 9726.67
480  4.73033e-08  1.69553e-07  3.1654e-08  2.48511e-07  1.98619  391.025 1.49434e-07 1.52691e-07 882.86 9726.67
500  8.88005e-08  2.57209e-07  5.02392e-08  3.96248e-07  1.98124  391.025 2.32279e-07 2.40768e-07 882.86 9726.67
520  1.41823e-07  3.59223e-07  7.74852e-08  5.78531e-07  1.97807  391.025 3.33098e-07 3.45914e-07 882.86 9726.67
540  2.02401e-07  4.61927e-07  1.14588e-07  7.78916e-07  1.97203  391.025 4.42169e-07 4.5569e-07 882.86 9726.67
560  2.64238e-07  5.47706e-07  1.6126e-07  9.73204e-07  1.96841  391.025 5.45229e-07 5.52512e-07 882.86 9726.67
580  3.19626e-07  5.99572e-07  2.14962e-07  1.13416e-06  1.96276  391.025 6.27077e-07 6.18467e-07 882.86 9726.67
600  3.61948e-07  6.08607e-07  2.70161e-07  1.24072e-06  1.95953  391.025 6.76309e-07 6.41754e-07 882.86 9726.67
620  3.87154e-07  5.78049e-07  3.18488e-07  1.28369e-06  1.9546  391.025 6.89216e-07 6.22043e-07 882.859 9726.67
640  3.95128e-07  5.24589e-07  3.49936e-07  1.26965e-06  1.95184  391.025 6.71075e-07 5.72057e-07 882.859 9726.67
660  3.8911e-07  4.72574e-07  3.55546e-07  1.21723e-06  1.94757  391.025 6.34263e-07 5.14106e-07 882.859 9726.66
680  3.74822e-07  4.46379e-07  3.30703e-07  1.1519e-06  1.94526  391.025 5.94129e-07 4.72633e-07 882.859 9726.66
700  3.58578e-07  4.60585e-07  2.78089e-07  1.09725e-06  1.94164  391.025 5.64338e-07 4.6562e-07 882.859 9726.67
720  3.46009e-07  5.15459e-07  2.08553e-07  1.07002e-06  1.93982  391.025 5.53275e-07 4.982e-07 882.859 9726.67
740  3.40562e-07  5.95519e-07  1.39207e-07  1.07529e-06  1.93687  391.025 5.62256e-07 5.608e-07 882.86 9726.68
760  3.42929e-07  6.75526e-07  8.876e-08  1.10722e-06  1.93554  391.025 5.85731e-07 6.32434e-07 882.86 9726.68
780  3.50846e-07  7.27848e-07  7.17962e-08  1.15049e-06  1.93316  391.025 6.13449e-07 6.8801e-07 882.861 9726.68
800  3.60287e-07  7.3315e-07  9.39543e-08  1.18739e-06  1.93221  391.025 6.34357e-07 7.07394e-07 882.861 9726.68
820  3.67162e-07  6.87045e-07  1.49945e-07  1.20415e-06  1.93027  391.025 6.41186e-07 6.8313e-07 882.861 9726.68
840  3.69314e-07  6.04016e-07  2.24851e-07  1.19818e-06  1.92958  391.025 6.33746e-07 6.23805e-07 882.86 9726.67
860  3.67239e-07  5.12463e-07  2.98274e-07  1.17798e-06  1.92799  391.025 6.18865e-07 5.51205e-07 882.86 9726.67
880  3.63488e-07  4.45413e-07  3.49888e-07  1.15879e-06  1.92756  391.025 6.06494e-07 4.91947e-07 882.859 9726.66
900  3.60855e-07  4.26768e-07  3.65173e-07  1.1528e-06  1.92636  391.025 6.04019e-07 4.66953e-07 882.859 9726.66
920  3.60809e-07  4.62389e-07  3.39907e-07  1.16311e-06  1.92626  391.025 6.12273e-07 4.83459e-07 882.859 9726.67
940  3.62946e-07  5.37308e-07  2.82272e-07  1.18253e-06  1.92551  391.025 6.25844e-07 5.33033e-07 882.859 9726.67
960  3.65787e-07  6.23133e-07  2.11283e-07  1.2002e-06  1.92577  391.025 6.37235e-07 5.96069e-07 882.859 9726.67
980  3.68011e-07  6.89291e-07  1.51224e-07  1.20853e-06  1.9254  391.025 6.41798e-07 6.50104e-07 882.86 9726.68
1000  3.69243e-07  7.1533e-07  1.23185e-07  1.20776e-06  1.92584  391.025 6.40032e-07 6.78097e-07 882.86 9726.68
1020  3.69912e-07  6.96779e-07  1.36837e-07  1.20353e-06  1.9255  391.025 6.36098e-07 6.73639e-07 882.861 9726.68
1040  3.70574e-07  6.45559e-07  1.86053e-07  1.20219e-06  1.9256  391.025 6.34253e-07 6.41979e-07 882.86 9726.68
1060  3.71385e-07  5.83542e-07  2.51002e-07  1.20593e-06  1.92467  391.025 6.36107e-07 5.97283e-07 882.86 9726.67
1080  3.72088e-07  5.34655e-07  3.06224e-07  1.21297e-06  1.92384  391.025 6.40402e-07 5.57277e-07 882.859 9726.67
1100  3.72437e-07  5.15926e-07  3.31284e-07  1.21965e-06  1.92185  391.025 6.44806e-07 5.36841e-07 882.859 9726.67
1120  3.72493e-07  5.32509e-07  3.19077e-07  1.22408e-06  1.9199  391.025 6.47865e-07 5.42585e-07 882.859 9726.67
1140  3.72643e-07  5.75851e-07  2.78062e-07  1.22656e-06  1.91704  391.025 6.4966e-07 5.70536e-07 882.859 9726.67
1160  3.73242e-07  6.2809e-07  2.27633e-07  1.22897e-06  1.91456  391.025 6.51121e-07 6.08201e-07 882.86 9726.67
1180  3.74383e-07  6.68939e-07  1.89151e-07  1.23247e-06  1.91175  391.025 6.52989e-07 6.4029e-07 882.86 9726.68
1200  3.758e-07  6.84565e-07  1.7689e-07  1.23726e-06  1.90984  391.025 6.5535e-07 6.55452e-07 882.86 9726.68
1220  3.77146e-07  6.72356e-07  1.929e-07  1.2424e-06  1.90808  391.025 6.57876e-07 6.50729e-07 882.86 9726.68
1240  3.78165e-07  6.41579e-07  2.27561e-07  1.2473e-06  1.9074  391.025 6.60291e-07 6.31712e-07 882.86 9726.67
1260  3.78866e-07  6.07768e-07  2.64972e-07  1.25161e-06  1.90688  391.025 6.62551e-07 6.08842e-07 882.86 9726.67
1280  3.79366e-07  5.85846e-07  2.9028e-07  1.25549e-06  1.90711  391.025 6.64684e-07 5.92177e-07 882.86 9726.67
1300  3.79808e-07  5.83383e-07  2.95608e-07  1.2588e-06  1.90704  391.025 6.66563e-07 5.87313e-07 882.859 9726.67
1320  3.80164e-07  5.98822e-07  2.82222e-07  1.26121e-06  1.90717  391.025 6.67815e-07 5.93971e-07 882.859 9726.67
1340  3.8027e-07  6.22977e-07  2.58544e-07  1.26179e-06  1.90663  391.025 6.67888e-07 6.07155e-07 882.86 9726.67
1360  3.7974e-07  6.44218e-07  2.35466e-07  1.25942e-06  1.90607  391.025 6.66073e-07 6.19712e-07 882.86 9726.67
1380  3.78049e-07  6.52806e-07  2.21422e-07  1.25228e-06  1.90495  391.025 6.61416e-07 6.24924e-07 882.86 9726.68
1400  3.74455e-07  6.44266e-07  2.19327e-07  1.23805e-06  1.90407  391.025 6.52595e-07 6.18283e-07 882.86 9726.68
1420  3.68111e-07  6.19159e-07  2.26328e-07  1.2136e-06  1.90302  391.025 6.37907e-07 5.98122e-07 882.86 9726.67
1440  3.58039e-07  5.81669e-07  2.35874e-07  1.17558e-06  1.90251  391.025 6.15437e-07 5.65218e-07 882.86 9726.67
1460  3.43306e-07  5.36507e-07  2.40755e-07  1.12057e-06  1.90205  391.025 5.83344e-07 5.21719e-07 882.86 9726.67
1480  3.23028e-07  4.87196e-07  2.35677e-07  1.0459e-06  1.90209  391.025 5.40183e-07 4.69914e-07 882.86 9726.67
1500  2.96604e-07  4.34805e-07  2.18548e-07  9.49957e-07  1.90201  391.025 4.85235e-07 4.11363e-07 882.859 9726.67
1520  2.63808e-07  3.78878e-07  1.904e-07  8.33085e-07  1.90214  391.025 4.18848e-07 3.46785e-07 882.859 9726.67
1540  2.25117e-07  3.18459e-07  1.54399e-07  6.97975e-07  1.90191  391.025 3.42801e-07 2.76708e-07 882.859 9726.67
1560  1.81802e-07  2.54052e-07  1.14591e-07  5.50444e-07  1.90172  391.025 2.60561e-07 2.0254e-07 882.86 9726.67
1580  1.36087e-07  1.88271e-07  7.48378e-08  3.99196e-07  1.90118  391.025 1.77263e-07 1.2746e-07 882.86 9726.67
1600  9.09206e-08  1.26295e-07  3.82056e-08  2.55422e-07  1.90076  391.025 9.92752e-08 5.66212e-08 882.86 9726.67
1620  4.97441e-08  7.45392e-08  6.81998e-09  1.31103e-07  1.90019  391.025 3.33235e-08 -3.56993e-09 882.86 9726.67
1640  1.58955e-08  3.93226e-08  -1.79196e-08  3.72985e-08  1.8999  391.025 -1.46614e-08 -4.69192e-08 882.86 9726.67
1660  -7.86049e-09  2.45987e-08  -3.49676e-08  -1.82293e-08  1.89956  391.025 -4.07465e-08 -6.92059e-08 882.86 9726.67
1680  -1.9977e-08  3.07641e-08  -4.33305e-08  -3.25435e-08  1.89947  391.025 -4.39538e-08 -6.96717e-08 882.86 9726.67
1700  -2.04127e-08  5.36918e-08  -4.20364e-08  -8.75732e-09  1.89925  391.025 -2.67216e-08 -5.17468e-08 882.86 9726.67
1720  -1.08549e-08  8.56542e-08  -3.0463e-08  4.43363e-08  1.89913  391.025 5.30342e-09 -2.27079e-08 882.86 9726.67
1740  5.59183e-09  1.16772e-07  -8.94352e-09  1.1342e-07  1.89878  391.025 4.41818e-08 7.76079e-09 882.86 9726.67
1760  2.48439e-08  1.37889e-07  2.05928e-08  1.83326e-07  1.8985  391.025 8.11809e-08 2.98351e-08 882.86 9726.67
1780  4.27141e-08  1.42881e-07  5.42663e-08  2.39862e-07  1.89803  391.025 1.08556e-07 3.60847e-08 882.86 9726.67
1800  5.56579e-08  1.30843e-07  8.64608e-08  2.72962e-07  1.8977  391.025 1.21194e-07 2.35513e-08 882.859 9726.67
1820  6.15846e-08  1.06258e-07  1.1072e-07  2.78563e-07  1.89728  391.025 1.17681e-07 -5.31104e-09 882.859 9726.66
1840  6.01445e-08  7.8081e-08  1.21209e-07  2.59434e-07  1.89701  391.025 1.00484e-07 -4.32331e-08 882.859 9726.66
1860  5.27749e-08  5.68006e-08  1.14367e-07  2.23942e-07  1.89663  391.025 7.51455e-08 -8.02157e-08 882.859 9726.66
1880  4.2124e-08  5.13669e-08  9.02681e-08  1.83759e-07  1.89632  391.025 4.86954e-08 -1.0656e-07 882.859 9726.66
1900  3.13753e-08  6.5877e-08  5.31744e-08  1.50427e-07  1.89583  391.025 2.76968e-08 -1.15946e-07 882.859 9726.67
1920  2.32991e-08  9.81753e-08  1.09685e-08  1.32443e-07  1.89535  391.025 1.64968e-08 -1.07554e-07 882.859 9726.67
1940  1.96473e-08  1.39913e-07  -2.65492e-08  1.33011e-07  1.89467  391.025 1.61816e-08 -8.65045e-08 882.859 9726.67
1960  2.06964e-08  1.79202e-07  -5.01345e-08  1.49764e-07  1.894  391.025 2.45346e-08 -6.23499e-08 882.859 9726.67
1980  2.54032e-08  2.0411e-07  -5.36886e-08  1.75824e-07  1.89317  391.025 3.69806e-08 -4.60606e-08 882.859 9726.68
2000  3.17643e-08  2.06865e-07  -3.61681e-08  2.02461e-07  1.89239  391.025 4.8191e-08 -4.64278e-08 882.859 9726.67
2020  3.75956e-08  1.86389e-07  -2.17634e-09  2.21809e-07  1.89154  391.025 5.38141e-08 -6.70864e-08 882.859 9726.67
2040  4.11385e-08  1.49193e-07  3.90668e-08  2.29399e-07  1.89082  391.025 5.17688e-08 -1.05182e-07 882.859 9726.67
2060  4.16356e-08  1.0727e-07  7.61946e-08  2.251e-07  1.89017  391.025 4.27043e-08 -1.52188e-07 882.858 9726.67
2080  3.93733e-08  7.45289e-08  9.89298e-08  2.12832e-07  1.88978  391.025 2.95177e-08 -1.96644e-07 882.858 9726.67
2100  3.55383e-08  6.20343e-08  1.01112e-07  1.98685e-07  1.88957  391.025 1.61554e-08 -2.27936e-07 882.858 9726.67
2120  3.16406e-08  7.45275e-08  8.25702e-08  1.88738e-07  1.88974  391.025 6.15553e-09 -2.3982e-07 882.858 9726.67
2140  2.90457e-08  1.08584e-07  4.92025e-08  1.86832e-07  1.89015  391.025 1.4605e-09 -2.32479e-07 882.858 9726.67
2160  2.84559e-08  1.5394e-07  1.11881e-08  1.93584e-07  1.89092  391.025 1.89958e-09 -2.1239e-07 882.858 9726.67
2180  2.98228e-08  1.96749e-07  -2.01552e-08  2.06416e-07  1.89185  391.025 5.47756e-09 -1.90015e-07 882.858 9726.68
2200  3.23834e-08  2.24464e-07  -3.58859e-08  2.20962e-07  1.89296  391.025 9.30147e-09 -1.76145e-07 882.858 9726.68
2220  3.50912e-08  2.2987e-07  -3.21972e-08  2.32764e-07  1.89399  391.025 1.07538e-08 -1.78179e-07 882.859 9726.68
2240  3.69613e-08  2.13606e-07  -1.15056e-08  2.39062e-07  1.89491  391.025 8.4569e-09 -1.97649e-07 882.858 9726.68
2260  3.75016e-08  1.83566e-07  1.84888e-08  2.39556e-07  1.89547  391.025 2.68744e-09 -2.2985e-07 882.858 9726.68
2280  3.6781e-08  1.52168e-07  4.74529e-08  2.36402e-07  1.8957  391.025 -4.86332e-09 -2.65648e-07 882.858 9726.67
2300  3.54309e-08  1.3178e-07  6.58918e-08  2.33103e-07  1.89549  391.025 -1.18223e-08 -2.94765e-07 882.858 9726.67
2320  3.43144e-08  1.30685e-07  6.82694e-08  2.33269e-07  1.89498  391.025 -1.6022e-08 -3.09313e-07 882.858 9726.67
2340  3.43022e-08  1.50323e-07  5.47277e-08  2.39353e-07  1.89422  391.025 -1.61729e-08 -3.06288e-07 882.858 9726.67
2360  3.59666e-08  1.85444e-07  3.0852e-08  2.52263e-07  1.89345  391.025 -1.20734e-08 -2.88164e-07 882.858 9726.68
2380  3.95886e-08  2.26345e-07  5.59571e-09  2.71529e-07  1.89277  391.025 -4.31698e-09 -2.61454e-07 882.858 9726.68
2400  4.51779e-08  2.62956e-07  -1.18669e-08  2.96267e-07  1.89236  391.025 6.32753e-09 -2.33856e-07 882.858 9726.68
2420  5.27501e-08  2.88559e-07  -1.52275e-08  3.26081e-07  1.89225  391.025 1.95714e-08 -2.11114e-07 882.859 9726.68
2440  6.24541e-08  3.02403e-07  -2.97854e-09  3.61879e-07  1.89248  391.025 3.60084e-08 -1.94784e-07 882.859 9726.68
2460  7.47559e-08  3.09668e-07  2.14458e-08  4.0587e-07  1.89292  391.025 5.71024e-08 -1.81683e-07 882.859 9726.68
2480  9.03327e-08  3.19513e-07  5.12936e-08  4.6114e-07  1.8935  391.025 8.47734e-08 -1.65185e-07 882.859 9726.68
2500  1.09983e-07  3.41384e-07  7.9216e-08  5.30583e-07  1.89402  391.025 1.20748e-07 -1.37781e-07 882.859 9726.68
2520  1.34316e-07  3.81598e-07  1.00043e-07  6.15957e-07  1.8944  391.025 1.6592e-07 -9.39395e-08 882.859 9726.68
2540  1.63583e-07  4.40859e-07  1.12564e-07  7.17005e-07  1.89453  391.025 2.19929e-07 -3.21941e-08 882.859 9726.68
2560  1.97433e-07  5.14127e-07  1.19688e-07  8.31248e-07  1.89444  391.025 2.81067e-07 4.42342e-08 882.859 9726.69
2580  2.34908e-07  5.92193e-07  1.26978e-07  9.54079e-07  1.89414  391.025 3.46495e-07 1.28405e-07 882.86 9726.69
2600  2.74421e-07  6.64801e-07  1.40187e-07  1.07941e-06  1.89377  391.025 4.12645e-07 2.11755e-07 882.86 9726.69
2620  3.13967e-07  7.23564e-07  1.62759e-07  1.20029e-06  1.89342  391.025 4.75674e-07 2.86491e-07 882.86 9726.69
2640  3.51274e-07  7.64195e-07  1.94257e-07  1.30973e-06  1.8932  391.025 5.31857e-07 3.47449e-07 882.861 9726.69
2660  3.84103e-07  7.8684e-07  2.3027e-07  1.40121e-06  1.89313  391.025 5.77902e-07 3.92862e-07 882.861 9726.69
2680  4.10433e-07  7.95181e-07  2.63806e-07  1.46942e-06  1.89323  391.025 6.11215e-07 4.23995e-07 882.861 9726.69
2700  4.28758e-07  7.94347e-07  2.87599e-07  1.5107e-06  1.8934  391.025 6.30169e-07 4.43979e-07 882.861 9726.69
2720  4.38234e-07  7.89086e-07  2.9646e-07  1.52378e-06  1.8936  391.025 6.34395e-07 4.56471e-07 882.861 9726.69
2740  4.38911e-07  7.82392e-07  2.88847e-07  1.51015e-06  1.89371  391.025 6.25045e-07 4.64659e-07 882.861 9726.69
2760  4.31753e-07  7.75467e-07  2.67178e-07  1.4744e-06  1.89371  391.025 6.04893e-07 4.70911e-07 882.862 9726.69
2780  4.18659e-07  7.68309e-07  2.36887e-07  1.42385e-06  1.89358  391.025 5.78171e-07 4.77011e-07 882.862 9726.69
2800  4.02199e-07  7.60932e-07  2.047e-07  1.36783e-06  1.89337  391.025 5.50068e-07 4.84657e-07 882.863 9726.69
2820  3.85328e-07  7.54043e-07  1.76802e-07  1.31617e-06  1.89313  391.025 5.25923e-07 4.95793e-07 882.863 9726.69
2840  3.70882e-07  7.4927e-07  1.57508e-07  1.27766e-06  1.89295  391.025 5.1028e-07 5.12503e-07 882.864 9726.69
2860  3.61166e-07  7.48391e-07  1.48786e-07  1.25834e-06  1.89286  391.025 5.0601e-07 5.36434e-07 882.864 9726.69
2880  3.57513e-07  7.52423e-07  1.50545e-07  1.26048e-06  1.89291  391.025 5.1374e-07 5.67995e-07 882.865 9726.69
2900  3.60108e-07  7.60617e-07  1.61372e-07  1.2821e-06  1.89306  391.025 5.31741e-07 6.0576e-07 882.865 9726.69
2920  3.67931e-07  7.7038e-07  1.79242e-07  1.31755e-06  1.89329  391.025 5.56329e-07 6.46417e-07 882.866 9726.69
2940  3.79046e-07  7.77822e-07  2.01917e-07  1.35879e-06  1.89355  391.025 5.82694e-07 6.85451e-07 882.866 9726.69
2960  3.90985e-07  7.79228e-07  2.26961e-07  1.39717e-06  1.89382  391.025 6.05968e-07 7.18394e-07 882.866 9726.69
2980  4.01345e-07  7.72465e-07  2.51562e-07  1.42537e-06  1.89408  391.025 6.22295e-07 7.42258e-07 882.866 9726.69
3000  4.08259e-07  7.58196e-07  2.72477e-07  1.43893e-06  1.89433  391.025 6.2963e-07 7.56628e-07 882.867 9726.69
3020  4.10825e-07  7.39906e-07  2.86347e-07  1.43708e-06  1.89459  391.025 6.28107e-07 7.63981e-07 882.867 9726.68
3040  4.09199e-07  7.23093e-07  2.9043e-07  1.42272e-06  1.89487  391.025 6.19873e-07 7.69058e-07 882.867 9726.68
3060  4.04525e-07  7.13403e-07  2.83545e-07  1.40147e-06  1.89516  391.025 6.08445e-07 7.77437e-07 882.867 9726.68
3080  3.9853e-07  7.14773e-07  2.66844e-07  1.38015e-06  1.89542  391.025 5.97761e-07 7.93742e-07 882.868 9726.68
3100  3.93098e-07  7.27818e-07  2.4401e-07  1.36493e-06  1.8956  391.025 5.91161e-07 8.201e-07 882.868 9726.69
3120  3.89744e-07  7.49483e-07  2.20681e-07  1.35991e-06  1.89563  391.025 5.90582e-07 8.55346e-07 882.869 9726.69
3140  3.89308e-07  7.73707e-07  2.03127e-07  1.36614e-06  1.89546  391.025 5.96147e-07 8.95273e-07 882.869 9726.69
3160  3.91748e-07  7.93342e-07  1.96556e-07  1.38165e-06  1.89506  391.025 6.0627e-07 9.33879e-07 882.87 9726.69
3180  3.96282e-07  8.02295e-07  2.03554e-07  1.40213e-06  1.89444  391.025 6.18213e-07 9.65203e-07 882.87 9726.69
3200  4.01614e-07  7.976e-07  2.23196e-07  1.42241e-06  1.89363  391.025 6.28928e-07 9.85191e-07 882.87 9726.69
3220  4.0638e-07  7.80317e-07  2.51152e-07  1.43785e-06  1.89272  391.025 6.35932e-07 9.92967e-07 882.871 9726.69
3240  4.09487e-07  7.5537e-07  2.80814e-07  1.44567e-06  1.8918  391.025 6.37959e-07 9.91111e-07 882.871 9726.68
3260  4.10427e-07  7.29943e-07  3.05123e-07  1.44549e-06  1.89099  391.025 6.35215e-07 9.8485e-07 882.871 9726.68
3280  4.09309e-07  7.11337e-07  3.18577e-07  1.43922e-06  1.89036  391.025 6.29164e-07 9.80394e-07 882.871 9726.68
3300  4.06785e-07  7.04574e-07  3.18774e-07  1.43013e-06  1.88999  391.025 6.21936e-07 9.82969e-07 882.871 9726.68
3320  4.03731e-07  7.10891e-07  3.07049e-07  1.42167e-06  1.88992  391.025 6.15555e-07 9.95141e-07 882.871 9726.68
3340  4.00952e-07  7.272e-07  2.87999e-07  1.41615e-06  1.89015  391.025 6.11233e-07 1.01597e-06 882.872 9726.68
3360  3.98843e-07  7.47076e-07  2.68035e-07  1.41395e-06  1.89064  391.025 6.08943e-07 1.04129e-06 882.872 9726.69
3380  3.97275e-07  7.62572e-07  2.53414e-07  1.41326e-06  1.89134  391.025 6.07388e-07 1.06488e-06 882.872 9726.69
3400  3.95547e-07  7.66653e-07  2.48347e-07  1.41055e-06  1.89213  391.025 6.04355e-07 1.08041e-06 882.873 9726.69
3420  3.92603e-07  7.55104e-07  2.53754e-07  1.40146e-06  1.89293  391.025 5.97319e-07 1.08318e-06 882.873 9726.69
3440  3.87251e-07  7.27677e-07  2.67029e-07  1.38196e-06  1.89361  391.025 5.84091e-07 1.07141e-06 882.873 9726.69
3460  3.78487e-07  6.87793e-07  2.82887e-07  1.34917e-06  1.89411  391.025 5.63304e-07 1.04652e-06 882.873 9726.68
3480  3.65658e-07  6.41258e-07  2.9499e-07  1.30191e-06  1.89436  391.025 5.34608e-07 1.01239e-06 882.873 9726.68
3500  3.48586e-07  5.94158e-07  2.97846e-07  1.24059e-06  1.89438  391.025 4.98563e-07 9.73891e-07 882.873 9726.68
3520  3.27471e-07  5.50949e-07  2.88396e-07  1.16682e-06  1.89419  391.025 4.56296e-07 9.35229e-07 882.873 9726.68
3540  3.02808e-07  5.13075e-07  2.6681e-07  1.08269e-06  1.89391  391.025 4.09106e-07 8.98664e-07 882.873 9726.68
3560  2.75193e-07  4.7889e-07  2.36289e-07  9.90373e-07  1.89361  391.025 3.5818e-07 8.6402e-07 882.873 9726.68
3580  2.4527e-07  4.44562e-07  2.01966e-07  8.91798e-07  1.89341  391.025 3.04514e-07 8.29165e-07 882.873 9726.68
3600  2.1368e-07  4.05937e-07  1.69304e-07  7.88921e-07  1.89337  391.025 2.49078e-07 7.91249e-07 882.873 9726.68
3620  1.81169e-07  3.60408e-07  1.4253e-07  6.84107e-07  1.89353  391.025 1.93116e-07 7.48247e-07 882.873 9726.68
3640  1.48654e-07  3.0838e-07  1.236e-07  5.80634e-07  1.89386  391.025 1.3844e-07 7.00236e-07 882.873 9726.68
3660  1.17338e-07  2.53567e-07  1.12004e-07  4.82909e-07  1.89431  391.025 8.75589e-08 6.49937e-07 882.873 9726.68
3680  8.86731e-08  2.02238e-07  1.05415e-07  3.96327e-07  1.89476  391.025 4.35318e-08 6.02297e-07 882.873 9726.68
3700  6.42812e-08  1.61407e-07  1.00906e-07  3.26594e-07  1.89515  391.025 9.54764e-09 5.6323e-07 882.873 9726.68
3720  4.57027e-08  1.36809e-07  9.6268e-08  2.7878e-07  1.89539  391.025 -1.16844e-08 5.37914e-07 882.873 9726.68
3740  3.41567e-08  1.3108e-07  9.09581e-08  2.56195e-07  1.89547  391.025 -1.85659e-08 5.29212e-07 882.873 9726.68
3760  3.02335e-08  1.42987e-07  8.6325e-08  2.59545e-07  1.89537  391.025 -1.10842e-08 5.36717e-07 882.872 9726.68
3780  3.37416e-08  1.67683e-07  8.50437e-08  2.86468e-07  1.89515  391.025 9.00776e-09 5.56728e-07 882.872 9726.68
3800  4.36159e-08  1.98138e-07  8.99727e-08  3.31727e-07  1.89487  391.025 3.83639e-08 5.83144e-07 882.872 9726.68
3820  5.80589e-08  2.26982e-07  1.0285e-07  3.87891e-07  1.89461  391.025 7.25339e-08 6.08977e-07 882.872 9726.68
3840  7.47522e-08  2.48442e-07  1.23305e-07  4.46499e-07  1.89439  391.025 1.06656e-07 6.2801e-07 882.871 9726.68
3860  9.12319e-08  2.59525e-07  1.48556e-07  4.99313e-07  1.89426  391.025 1.36203e-07 6.36115e-07 882.871 9726.68
3880  1.05219e-07  2.60415e-07  1.73926e-07  5.3956e-07  1.89417  391.025 1.57638e-07 6.31893e-07 882.87 9726.68
3900  1.14978e-07  2.53809e-07  1.94021e-07  5.62808e-07  1.8941  391.025 1.68867e-07 6.16535e-07 882.87 9726.68
3920  1.19509e-07  2.43771e-07  2.04223e-07  5.67503e-07  1.89397  391.025 1.69445e-07 5.93079e-07 882.869 9726.67
3940  1.18688e-07  2.34297e-07  2.01995e-07  5.5498e-07  1.89375  391.025 1.60521e-07 5.65338e-07 882.869 9726.67
3960  1.13198e-07  2.28301e-07  1.87622e-07  5.29121e-07  1.89339  391.025 1.44569e-07 5.36904e-07 882.868 9726.67
3980  1.04408e-07  2.2704e-07  1.64147e-07  4.95595e-07  1.89291  391.025 1.2494e-07 5.10449e-07 882.868 9726.68
4000  9.4083e-08  2.30287e-07  1.36568e-07  4.60938e-07  1.89231  391.025 1.05313e-07 4.87473e-07 882.868 9726.68
4020  8.41165e-08  2.36795e-07  1.1054e-07  4.31451e-07  1.89166  391.025 8.91097e-08 4.68405e-07 882.868 9726.68
4040  7.61789e-08  2.45029e-07  9.09984e-08  4.12207e-07  1.891  391.025 7.89408e-08 4.52914e-07 882.867 9726.68
4060  7.14792e-08  2.53628e-07  8.10809e-08  4.06188e-07  1.89041  391.025 7.6182e-08 4.4022e-07 882.867 9726.68
4080  7.05428e-08  2.61686e-07  8.16057e-08  4.13835e-07  1.88991  391.025 8.0751e-08 4.29316e-07 882.867 9726.68
4100  7.31727e-08  2.68647e-07  9.11782e-08  4.32997e-07  1.88955  391.025 9.1151e-08 4.19067e-07 882.866 9726.68
4120  7.84851e-08  2.74174e-07  1.06794e-07  4.59453e-07  1.88931  391.025 1.04795e-07 4.08274e-07 882.866 9726.68
4140  8.51393e-08  2.7796e-07  1.24696e-07  4.87796e-07  1.88922  391.025 1.18569e-07 3.95792e-07 882.866 9726.68
4160  9.16046e-08  2.79816e-07  1.41227e-07  5.12648e-07  1.88924  391.025 1.29518e-07 3.80765e-07 882.865 9726.68
4180  9.65253e-08  2.79825e-07  1.53465e-07  5.29815e-07  1.8894  391.025 1.35507e-07 3.62938e-07 882.865 9726.68
4200  9.89851e-08  2.78659e-07  1.59574e-07  5.37218e-07  1.88967  391.025 1.35698e-07 3.42941e-07 882.865 9726.68
4220  9.87221e-08  2.77643e-07  1.58896e-07  5.35261e-07  1.89007  391.025 1.30707e-07 3.22379e-07 882.864 9726.68
4240  9.61288e-08  2.7866e-07  1.51861e-07  5.2665e-07  1.89057  391.025 1.22408e-07 3.03631e-07 882.864 9726.68
4260  9.2154e-08  2.83624e-07  1.3983e-07  5.15608e-07  1.89117  391.025 1.13436e-07 2.89324e-07 882.864 9726.68
4280  8.80225e-08  2.9387e-07  1.24896e-07  5.06789e-07  1.89178  391.025 1.06502e-07 2.81625e-07 882.864 9726.68
4300  8.49595e-08  3.09498e-07  1.09648e-07  5.04106e-07  1.89239  391.025 1.03741e-07 2.81561e-07 882.864 9726.68
4320  8.38838e-08  3.29141e-07  9.68432e-08  5.09868e-07  1.89287  391.025 1.0624e-07 2.88625e-07 882.864 9726.68
4340  8.52556e-08  3.50137e-07  8.89834e-08  5.24376e-07  1.8932  391.025 1.13886e-07 3.00856e-07 882.864 9726.68
4360  8.90097e-08  3.69316e-07  8.78185e-08  5.46144e-07  1.89329  391.025 1.25564e-07 3.15412e-07 882.864 9726.68
4380  9.46888e-08  3.83986e-07  9.38987e-08  5.72574e-07  1.89315  391.025 1.39626e-07 3.29489e-07 882.864 9726.69
4400  1.01632e-07  3.93003e-07  1.06327e-07  6.00962e-07  1.89278  391.025 1.54488e-07 3.41316e-07 882.864 9726.69
4420  1.09259e-07  3.9732e-07  1.22852e-07  6.29431e-07  1.89227  391.025 1.69178e-07 3.50863e-07 882.864 9726.68
4440  1.17272e-07  4.00012e-07  1.40348e-07  6.57633e-07  1.89166  391.025 1.83679e-07 3.60041e-07 882.864 9726.68
4460  1.25808e-07  4.05486e-07  1.55622e-07  6.86917e-07  1.89109  391.025 1.9897e-07 3.72257e-07 882.865 9726.68
4480  1.35416e-07  4.18305e-07  1.66317e-07  7.20038e-07  1.89062  391.025 2.16772e-07 3.91477e-07 882.865 9726.68
4500  1.46952e-07  4.41789e-07  1.71666e-07  7.60407e-07  1.89034  391.025 2.39075e-07 4.21043e-07 882.865 9726.68
4520  1.6134e-07  4.77037e-07  1.7282e-07  8.11197e-07  1.89028  391.025 2.6759e-07 4.62647e-07 882.865 9726.69
4540  1.79347e-07  5.22498e-07  1.72615e-07  8.7446e-07  1.89045  391.025 3.03275e-07 5.15755e-07 882.865 9726.69
4560  2.01351e-07  5.74418e-07  1.748e-07  9.50569e-07  1.89079  391.025 3.46052e-07 5.77685e-07 882.866 9726.69
4580  2.27236e-07  6.27838e-07  1.82947e-07  1.03802e-06  1.89126  391.025 3.9478e-07 6.44275e-07 882.866 9726.69
4600  2.56352e-07  6.77995e-07  1.99347e-07  1.13369e-06  1.89177  391.025 4.47455e-07 7.10946e-07 882.866 9726.69
4620  2.87628e-07  7.21481e-07  2.24253e-07  1.23336e-06  1.89225  391.025 5.0157e-07 7.73789e-07 882.866 9726.69
4640  3.19708e-07  7.56987e-07  2.55694e-07  1.33239e-06  1.89262  391.025 5.54516e-07 8.30347e-07 882.867 9726.69
4660  3.51157e-07  7.85226e-07  2.89928e-07  1.42631e-06  1.89287  391.025 6.03916e-07 8.79872e-07 882.867 9726.69
4680  3.80602e-07  8.08297e-07  3.22407e-07  1.51131e-06  1.89295  391.025 6.47835e-07 9.23001e-07 882.867 9726.69
4700  4.06858e-07  8.28543e-07  3.48937e-07  1.58434e-06  1.8929  391.025 6.84827e-07 9.61024e-07 882.867 9726.69
4720  4.28958e-07  8.4752e-07  3.66703e-07  1.64318e-06  1.89275  391.025 7.13884e-07 9.95029e-07 882.867 9726.69
4740  4.46178e-07  8.65245e-07  3.74849e-07  1.68627e-06  1.89258  391.025 7.34334e-07 1.02523e-06 882.867 9726.69
4760  4.58017e-07  8.80174e-07  3.74468e-07  1.71266e-06  1.89242  391.025 7.45786e-07 1.05077e-06 882.868 9726.69
4780  4.64224e-07  8.89749e-07  3.68045e-07  1.72202e-06  1.89237  391.025 7.48157e-07 1.06998e-06 882.868 9726.69
4800  4.64815e-07  8.91462e-07  3.58582e-07  1.71486e-06  1.89243  391.025 7.41797e-07 1.08113e-06 882.868 9726.69
4820  4.60161e-07  8.83918e-07  3.487e-07  1.69278e-06  1.89264  391.025 7.27662e-07 1.08327e-06 882.869 9726.69
4840  4.51014e-07  8.67686e-07  3.40005e-07  1.6587e-06  1.89294  391.025 7.07448e-07 1.07695e-06 882.869 9726.69
4860  4.38552e-07  8.45451e-07  3.32915e-07  1.61692e-06  1.89333  391.025 6.83612e-07 1.06454e-06 882.869 9726.69
4880  4.24312e-07  8.2157e-07  3.2695e-07  1.57283e-06  1.89372  391.025 6.59204e-07 1.04988e-06 882.869 9726.69
4900  4.10076e-07  8.00971e-07  3.21337e-07  1.53238e-06  1.89408  391.025 6.37513e-07 1.03755e-06 882.87 9726.69
4920  3.97647e-07  7.87905e-07  3.15681e-07  1.50123e-06  1.89437  391.025 6.21573e-07 1.03173e-06 882.87 9726.69
4940  3.88609e-07  7.84765e-07  3.1043e-07  1.4838e-06  1.89459  391.025 6.13641e-07 1.0352e-06 882.87 9726.69
4960  3.84061e-07  7.91511e-07  3.06946e-07  1.48252e-06  1.89473  391.025 6.14763e-07 1.0486e-06 882.87 9726.69
4980  3.84437e-07  8.05703e-07  3.0714e-07  1.49728e-06  1.89486  391.025 6.24552e-07 1.07032e-06 882.871 9726.69
5000  3.89409e-07  8.23278e-07  3.12791e-07  1.52548e-06  1.89498  391.025 6.41243e-07 1.09694e-06 882.871 9726.69
5020  3.97958e-07  8.39692e-07  3.24786e-07  1.56244e-06  1.89517  391.025 6.62014e-07 1.12418e-06 882.871 9726.69
5040  4.08535e-07  8.51201e-07  3.42551e-07  1.60229e-06  1.89542  391.025 6.83523e-07 1.148e-06 882.871 9726.69
5060  4.19366e-07  8.5578e-07  3.63894e-07  1.63904e-06  1.89574  391.025 7.02535e-07 1.16559e-06 882.871 9726.69
5080  4.28743e-07  8.53561e-07  3.85358e-07  1.66766e-06  1.89609  391.025 7.16498e-07 1.176e-06 882.872 9726.69
5100  4.35348e-07  8.46564e-07  4.02995e-07  1.68491e-06  1.89643  391.025 7.23973e-07 1.18016e-06 882.872 9726.69
5120  4.38435e-07  8.37976e-07  4.1336e-07  1.68977e-06  1.89668  391.025 7.24804e-07 1.18048e-06 882.872 9726.69
5140  4.37949e-07  8.31105e-07  4.14439e-07  1.68349e-06  1.89681  391.025 7.20048e-07 1.18007e-06 882.872 9726.69
5160  4.34459e-07  8.28459e-07  4.06229e-07  1.66915e-06  1.89677  391.025 7.11673e-07 1.18184e-06 882.872 9726.69
5180  4.29022e-07  8.31074e-07  3.90802e-07  1.6509e-06  1.89654  391.025 7.02113e-07 1.18777e-06 882.872 9726.69
5200  4.22931e-07  8.38402e-07  3.71829e-07  1.63316e-06  1.89613  391.025 6.93773e-07 1.19857e-06 882.872 9726.69
5220  4.17472e-07  8.48571e-07  3.5369e-07  1.61973e-06  1.89558  391.025 6.8858e-07 1.21361e-06 882.873 9726.69
5240  4.13658e-07  8.59059e-07  3.40417e-07  1.61313e-06  1.89492  391.025 6.87653e-07 1.23127e-06 882.873 9726.69
5260  4.12082e-07  8.67372e-07  3.34757e-07  1.61421e-06  1.8942  391.025 6.91145e-07 1.24943e-06 882.873 9726.69
5280  4.12806e-07  8.7169e-07  3.37581e-07  1.62208e-06  1.89347  391.025 6.9826e-07 1.26602e-06 882.873 9726.69
5300  4.15396e-07  8.71168e-07  3.47782e-07  1.63435e-06  1.89277  391.025 7.07439e-07 1.27944e-06 882.873 9726.69
5320  4.19007e-07  8.65995e-07  3.62654e-07  1.64766e-06  1.89212  391.025 7.16675e-07 1.28876e-06 882.873 9726.69
5340  4.22581e-07  8.5713e-07  3.78605e-07  1.65832e-06  1.89158  391.025 7.23886e-07 1.29376e-06 882.873 9726.69
5360  4.25027e-07  8.45951e-07  3.9201e-07  1.66299e-06  1.89115  391.025 7.27286e-07 1.29481e-06 882.873 9726.69
5380  4.25441e-07  8.3383e-07  3.99982e-07  1.65925e-06  1.89086  391.025 7.25677e-07 1.29266e-06 882.873 9726.69
5400  4.23229e-07  8.21849e-07  4.00888e-07  1.64597e-06  1.89072  391.025 7.18601e-07 1.28817e-06 882.873 9726.69
5420  4.18192e-07  8.1058e-07  3.94521e-07  1.62329e-06  1.89075  391.025 7.06332e-07 1.28215e-06 882.873 9726.69
5440  4.10482e-07  8.00042e-07  3.8195e-07  1.59247e-06  1.89092  391.025 6.89698e-07 1.27511e-06 882.873 9726.69
5460  4.00509e-07  7.89685e-07  3.65128e-07  1.55532e-06  1.89123  391.025 6.6978e-07 1.26721e-06 882.873 9726.69
5480  3.88763e-07  7.78494e-07  3.46377e-07  1.51363e-06  1.89161  391.025 6.47566e-07 1.2581e-06 882.873 9726.69
5500  3.75669e-07  7.65068e-07  3.27877e-07  1.46861e-06  1.89201  391.025 6.23649e-07 1.24693e-06 882.873 9726.69
5520  3.61431e-07  7.47838e-07  3.11259e-07  1.42053e-06  1.89235  391.025 5.98047e-07 1.23243e-06 882.874 9726.69
5540  3.45994e-07  7.25285e-07  2.97347e-07  1.36863e-06  1.89259  391.025 5.70214e-07 1.21317e-06 882.874 9726.69
5560  3.29051e-07  6.96304e-07  2.86078e-07  1.31143e-06  1.89265  391.025 5.39232e-07 1.18781e-06 882.874 9726.69
5580  3.10175e-07  6.60514e-07  2.76584e-07  1.24727e-06  1.89254  391.025 5.04152e-07 1.1556e-06 882.874 9726.69
5600  2.88973e-07  6.18569e-07  2.67427e-07  1.17497e-06  1.89225  391.025 4.64386e-07 1.11664e-06 882.874 9726.69
5620  2.65284e-07  5.72231e-07  2.56934e-07  1.09445e-06  1.89182  391.025 4.20054e-07 1.07219e-06 882.873 9726.68
5640  2.39315e-07  5.24261e-07  2.43601e-07  1.00718e-06  1.89132  391.025 3.72185e-07 1.0246e-06 882.873 9726.68
5660  2.11726e-07  4.77995e-07  2.26499e-07  9.1622e-07  1.89082  391.025 3.22714e-07 9.77056e-07 882.873 9726.68
5680  1.83593e-07  4.36784e-07  2.05592e-07  8.25969e-07  1.89039  391.025 2.74266e-07 9.33051e-07 882.873 9726.68
5700  1.56307e-07  4.03333e-07  1.81895e-07  7.41535e-07  1.89009  391.025 2.29786e-07 8.95776e-07 882.873 9726.68
5720  1.31371e-07  3.79226e-07  1.57409e-07  6.68006e-07  1.88992  391.025 1.92089e-07 8.67552e-07 882.873 9726.68
5740  1.10203e-07  3.64668e-07  1.34812e-07  6.09683e-07  1.8899  391.025 1.63446e-07 8.49467e-07 882.873 9726.68
5760  9.39248e-08  3.58635e-07  1.16946e-07  5.69506e-07  1.88998  391.025 1.45279e-07 8.41318e-07 882.874 9726.68
5780  8.32313e-08  3.59282e-07  1.0621e-07  5.48723e-07  1.89013  391.025 1.38025e-07 8.41855e-07 882.874 9726.68
5800  7.83147e-08  3.64552e-07  1.04004e-07  5.4687e-07  1.89025  391.025 1.41171e-07 8.49237e-07 882.874 9726.68
5820  7.88915e-08  3.72711e-07  1.10373e-07  5.61976e-07  1.89032  391.025 1.5341e-07 8.61553e-07 882.874 9726.68
5840  8.42616e-08  3.82731e-07  1.23953e-07  5.90945e-07  1.89027  391.025 1.72883e-07 8.7722e-07 882.874 9726.68
5860  9.34324e-08  3.94283e-07  1.42242e-07  6.29957e-07  1.8901  391.025 1.97402e-07 8.9516e-07 882.873 9726.68
5880  1.05217e-07  4.07485e-07  1.62145e-07  6.74847e-07  1.88979  391.025 2.24655e-07 9.14707e-07 882.873 9726.68
5900  1.18349e-07  4.22396e-07  1.80635e-07  7.2138e-07  1.88939  391.025 2.5234e-07 9.35326e-07 882.873 9726.68
5920  1.31552e-07  4.38572e-07  1.9536e-07  7.65484e-07  1.88891  391.025 2.78266e-07 9.5627e-07 882.873 9726.68
5940  1.43624e-07  4.54773e-07  2.05028e-07  8.03424e-07  1.88842  391.025 3.00446e-07 9.76349e-07 882.873 9726.68
5960  1.53493e-07  4.69053e-07  2.09486e-07  8.32032e-07  1.88794  391.025 3.17208e-07 9.93926e-07 882.873 9726.68
5980  1.60308e-07  4.79145e-07  2.09497e-07  8.48949e-07  1.88751  391.025 3.27346e-07 1.00719e-06 882.873 9726.68
6000  1.63509e-07  4.8311e-07  2.06318e-07  8.52936e-07  1.88713  391.025 3.30288e-07 1.0146e-06 882.873 9726.68
6020  1.62919e-07  4.79974e-07  2.01231e-07  8.44123e-07  1.88681  391.025 3.26247e-07 1.01546e-06 882.873 9726.68
6040  1.58783e-07  4.70191e-07  1.95189e-07  8.24164e-07  1.88653  391.025 3.16292e-07 1.01024e-06 882.873 9726.68
6060  1.5179e-07  4.55683e-07  1.88692e-07  7.96165e-07  1.88627  391.025 3.02293e-07 1.00075e-06 882.873 9726.68
6080  1.42994e-07  4.39483e-07  1.81893e-07  7.6437e-07  1.886  391.025 2.86717e-07 9.89783e-07 882.873 9726.68
6100  1.33707e-07  4.2499e-07  1.74885e-07  7.33582e-07  1.88572  391.025 2.72274e-07 9.80623e-07 882.874 9726.68
6120  1.2529e-07  4.15126e-07  1.68007e-07  7.08423e-07  1.88541  391.025 2.61486e-07 9.7622e-07 882.874 9726.68
6140  1.18961e-07  4.11561e-07  1.62039e-07  6.92562e-07  1.88512  391.025 2.56249e-07 9.78503e-07 882.874 9726.68
6160  1.15572e-07  4.14319e-07  1.58179e-07  6.8807e-07  1.88484  391.025 2.5749e-07 9.87903e-07 882.874 9726.68
6180  1.15477e-07  4.21808e-07  1.57765e-07  6.9505e-07  1.88466  391.025 2.65e-07 1.00327e-06 882.874 9726.68
6200  1.18461e-07  4.31342e-07  1.61845e-07  7.11648e-07  1.88457  391.025 2.77489e-07 1.02221e-06 882.874 9726.68
6220  1.23803e-07  4.39912e-07  1.70726e-07  7.34441e-07  1.88465  391.025 2.92857e-07 1.04173e-06 882.874 9726.68
6240  1.30412e-07  4.45065e-07  1.83668e-07  7.59145e-07  1.88487  391.025 3.08628e-07 1.05901e-06 882.874 9726.68
6260  1.37064e-07  4.45546e-07  1.98867e-07  7.81478e-07  1.88526  391.025 3.22456e-07 1.07217e-06 882.874 9726.68
6280  1.42629e-07  4.41621e-07  2.13759e-07  7.9801e-07  1.88576  391.025 3.32589e-07 1.08065e-06 882.874 9726.68
6300  1.46311e-07  4.34908e-07  2.25593e-07  8.06812e-07  1.88634  391.025 3.38206e-07 1.0853e-06 882.874 9726.68
6320  1.47776e-07  4.2789e-07  2.32123e-07  8.0779e-07  1.88692  391.025 3.39546e-07 1.08811e-06 882.874 9726.68
6340  1.47223e-07  4.23181e-07  2.3222e-07  8.02624e-07  1.88747  391.025 3.37822e-07 1.09161e-06 882.875 9726.68
6360  1.45307e-07  4.22847e-07  2.26226e-07  7.9438e-07  1.88792  391.025 3.3495e-07 1.09824e-06 882.875 9726.68
6380  1.43018e-07  4.27897e-07  2.1594e-07  7.86855e-07  1.88824  391.025 3.33148e-07 1.10976e-06 882.875 9726.68
6400  1.41469e-07  4.38155e-07  2.04231e-07  7.83855e-07  1.8884  391.025 3.34523e-07 1.12695e-06 882.875 9726.68
6420  1.41711e-07  4.52431e-07  1.94375e-07  7.88517e-07  1.88841  391.025 3.40703e-07 1.14955e-06 882.875 9726.68
6440  1.4455e-07  4.69001e-07  1.89292e-07  8.02842e-07  1.88827  391.025 3.52608e-07 1.17649e-06 882.876 9726.68
6460  1.50452e-07  4.86155e-07  1.90888e-07  8.27495e-07  1.88803  391.025 3.70383e-07 1.20633e-06 882.876 9726.68
6480  1.59508e-07  5.02722e-07  1.99665e-07  8.61895e-07  1.88769  391.025 3.93494e-07 1.2377e-06 882.876 9726.68
6500  1.71491e-07  5.18364e-07  2.14687e-07  9.04542e-07  1.88731  391.025 4.20942e-07 1.2697e-06 882.876 9726.68
6520  1.85951e-07  5.33637e-07  2.33899e-07  9.53488e-07  1.88691  391.025 4.5155e-07 1.30206e-06 882.876 9726.68
6540  2.02358e-07  5.49771e-07  2.5469e-07  1.00682e-06  1.88654  391.025 4.84236e-07 1.33521e-06 882.876 9726.68
6560  2.20218e-07  5.68305e-07  2.74544e-07  1.06307e-06  1.88621  391.025 5.18223e-07 1.37001e-06 882.876 9726.68
6580  2.39186e-07  5.90632e-07  2.91608e-07  1.12143e-06  1.88599  391.025 5.5314e-07 1.40753e-06 882.876 9726.68
6600  2.59083e-07  6.17632e-07  3.05045e-07  1.18176e-06  1.88587  391.025 5.88997e-07 1.44862e-06 882.876 9726.68
6620  2.79892e-07  6.49407e-07  3.151e-07  1.2444e-06  1.8859  391.025 6.26042e-07 1.49372e-06 882.876 9726.68
6640  3.01662e-07  6.85227e-07  3.2289e-07  1.30978e-06  1.88603  391.025 6.6454e-07 1.54259e-06 882.876 9726.68
6660  3.24411e-07  7.23604e-07  3.30005e-07  1.37802e-06  1.88628  391.025 7.04537e-07 1.5943e-06 882.876 9726.68
6680  3.47997e-07  7.62523e-07  3.38018e-07  1.44854e-06  1.8866  391.025 7.45642e-07 1.64729e-06 882.877 9726.68
6700  3.72037e-07  7.99708e-07  3.48051e-07  1.5198e-06  1.88694  391.025 7.86915e-07 1.69953e-06 882.877 9726.68
6720  3.95859e-07  8.32939e-07  3.60469e-07  1.58927e-06  1.88724  391.025 8.26867e-07 1.74877e-06 882.877 9726.68
6740  4.18536e-07  8.60308e-07  3.74784e-07  1.65363e-06  1.88748  391.025 8.63601e-07 1.79285e-06 882.877 9726.68
6760  4.38962e-07  8.80462e-07  3.89739e-07  1.70916e-06  1.88758  391.025 8.95059e-07 1.82993e-06 882.877 9726.68
6780  4.5601e-07  8.9274e-07  4.0357e-07  1.75232e-06  1.88757  391.025 9.19345e-07 1.85878e-06 882.877 9726.68
6800  4.68682e-07  8.9725e-07  4.14358e-07  1.78029e-06  1.88743  391.025 9.35046e-07 1.87896e-06 882.877 9726.68
6820  4.76286e-07  8.94819e-07  4.20405e-07  1.79151e-06  1.88721  391.025 9.41502e-07 1.89084e-06 882.877 9726.68
6840  4.78547e-07  8.86872e-07  4.2057e-07  1.78599e-06  1.88695  391.025 9.38949e-07 1.89558e-06 882.877 9726.68
6860  4.75682e-07  8.75192e-07  4.14497e-07  1.76537e-06  1.88672  391.025 9.28528e-07 1.89494e-06 882.877 9726.68
6880  4.68383e-07  8.61661e-07  4.02718e-07  1.73276e-06  1.88654  391.025 9.12136e-07 1.89101e-06 882.877 9726.68
6900  4.57742e-07  8.47965e-07  3.86595e-07  1.6923e-06  1.88649  391.025 8.92176e-07 1.88587e-06 882.878 9726.68
6920  4.45111e-07  8.35398e-07  3.68132e-07  1.64864e-06  1.88655  391.025 8.71228e-07 1.88135e-06 882.878 9726.68
6940  4.31941e-07  8.24731e-07  3.49669e-07  1.60634e-06  1.88674  391.025 8.51733e-07 1.87878e-06 882.878 9726.68
6960  4.19609e-07  8.16254e-07  3.33519e-07  1.56938e-06  1.887  391.025 8.3572e-07 1.87893e-06 882.878 9726.68
6980  4.09283e-07  8.09891e-07  3.21598e-07  1.54077e-06  1.88732  391.025 8.24634e-07 1.88204e-06 882.878 9726.68
7000  4.01815e-07  8.05416e-07  3.15133e-07  1.52236e-06  1.88764  391.025 8.19252e-07 1.88797e-06 882.878 9726.68
7020  3.97694e-07  8.0262e-07  3.14487e-07  1.5148e-06  1.88793  391.025 8.19701e-07 1.89636e-06 882.879 9726.68
7040  3.97036e-07  8.01437e-07  3.19148e-07  1.51762e-06  1.88815  391.025 8.25531e-07 1.90682e-06 882.879 9726.68
7060  3.99616e-07  8.01921e-07  3.27871e-07  1.52941e-06  1.8883  391.025 8.35827e-07 1.91892e-06 882.879 9726.68
7080  4.04912e-07  8.04143e-07  3.38955e-07  1.54801e-06  1.88836  391.025 8.4932e-07 1.93225e-06 882.879 9726.68
7100  4.12175e-07  8.07995e-07  3.5057e-07  1.57074e-06  1.88838  391.025 8.64504e-07 1.94629e-06 882.879 9726.68
7120  4.20497e-07  8.13038e-07  3.6108e-07  1.59461e-06  1.88834  391.025 8.79752e-07 1.96029e-06 882.879 9726.68
7140  4.28901e-07  8.18417e-07  3.69274e-07  1.61659e-06  1.8883  391.025 8.93442e-07 1.97331e-06 882.879 9726.68
7160  4.36426e-07  8.22958e-07  3.74474e-07  1.63386e-06  1.88825  391.025 9.04104e-07 1.98418e-06 882.879 9726.68
7180  4.42239e-07  8.25385e-07  3.76507e-07  1.64413e-06  1.88819  391.025 9.10581e-07 1.99178e-06 882.879 9726.68
7200  4.45721e-07  8.24655e-07  3.75581e-07  1.64596e-06  1.88811  391.025 9.12192e-07 1.99524e-06 882.879 9726.68
7220  4.46563e-07  8.20265e-07  3.72118e-07  1.63895e-06  1.88801  391.025 9.08853e-07 1.99423e-06 882.879 9726.68
7240  4.44804e-07  8.12477e-07  3.66616e-07  1.6239e-06  1.88783  391.025 9.01126e-07 1.98913e-06 882.878 9726.68
7260  4.40844e-07  8.02291e-07  3.59577e-07  1.60271e-06  1.88758  391.025 8.90167e-07 1.98103e-06 882.878 9726.68
7280  4.35381e-07  7.91246e-07  3.51515e-07  1.57814e-06  1.88723  391.025 8.77552e-07 1.97157e-06 882.879 9726.68
7300  4.29305e-07  7.80991e-07  3.43016e-07  1.55331e-06  1.88679  391.025 8.6501e-07 1.96254e-06 882.879 9726.68
7320  4.23536e-07  7.72829e-07  3.34803e-07  1.53117e-06  1.88627  391.025 8.54096e-07 1.95544e-06 882.879 9726.68
7340  4.18867e-07  7.67297e-07  3.27732e-07  1.5139e-06  1.88571  391.025 8.45879e-07 1.95111e-06 882.879 9726.68
7360  4.15796e-07  7.63975e-07  3.22701e-07  1.50247e-06  1.88515  391.025 8.40707e-07 1.94941e-06 882.879 9726.68
7380  4.14428e-07  7.61529e-07  3.20452e-07  1.49641e-06  1.88465  391.025 8.38109e-07 1.94924e-06 882.879 9726.68
7400  4.14438e-07  7.58051e-07  3.2133e-07  1.49382e-06  1.88425  391.025 8.36852e-07 1.94879e-06 882.879 9726.68
7420  4.15121e-07  7.5153e-07  3.25062e-07  1.49171e-06  1.88401  391.025 8.35162e-07 1.94592e-06 882.879 9726.68
7440  4.15508e-07  7.40381e-07  3.30655e-07  1.48654e-06  1.88392  391.025 8.3104e-07 1.9387e-06 882.879 9726.68
7460  4.14542e-07  7.23831e-07  3.36458e-07  1.47483e-06  1.88402  391.025 8.2263e-07 1.92584e-06 882.879 9726.67
7480  4.11256e-07  7.02082e-07  3.4043e-07  1.45377e-06  1.88427  391.025 8.08538e-07 1.90694e-06 882.879 9726.67
7500  4.04937e-07  6.7618e-07  3.40539e-07  1.42166e-06  1.88466  391.025 7.88049e-07 1.88255e-06 882.879 9726.67
7520  3.95225e-07  6.47667e-07  3.35222e-07  1.37811e-06  1.88513  391.025 7.61198e-07 1.85387e-06 882.878 9726.67
7540  3.82146e-07  6.1809e-07  3.23776e-07  1.32401e-06  1.88565  391.025 7.28693e-07 1.82245e-06 882.879 9726.67
7560  3.66065e-07  5.88554e-07  3.0656e-07  1.26118e-06  1.88615  391.025 6.91714e-07 1.7897e-06 882.879 9726.67
7580  3.47588e-07  5.59411e-07  2.84956e-07  1.19195e-06  1.88661  391.025 6.51644e-07 1.75651e-06 882.879 9726.67
7600  3.27424e-07  5.30234e-07  2.61075e-07  1.11873e-06  1.88698  391.025 6.09808e-07 1.72312e-06 882.879 9726.67
7620  3.06267e-07  5.00005e-07  2.3729e-07  1.04356e-06  1.88726  391.025 5.67273e-07 1.68917e-06 882.879 9726.67
7640  2.8469e-07  4.67537e-07  2.15701e-07  9.67928e-07  1.88742  391.025 5.24748e-07 1.65388e-06 882.879 9726.67
7660  2.63106e-07  4.31931e-07  1.97684e-07  8.92721e-07  1.88749  391.025 4.82608e-07 1.6165e-06 882.879 9726.67
7680  2.41773e-07  3.92997e-07  1.83639e-07  8.18408e-07  1.88746  391.025 4.41014e-07 1.57665e-06 882.879 9726.67
7700  2.20857e-07  3.51467e-07  1.72993e-07  7.45318e-07  1.88738  391.025 4.00094e-07 1.53464e-06 882.879 9726.67
7720  2.00512e-07  3.08996e-07  1.6446e-07  6.73968e-07  1.88725  391.025 3.60133e-07 1.49153e-06 882.879 9726.67
7740  1.80974e-07  2.67895e-07  1.56474e-07  6.05342e-07  1.88712  391.025 3.21711e-07 1.44912e-06 882.879 9726.67
7760  1.62616e-07  2.30732e-07  1.47676e-07  5.41024e-07  1.88701  391.025 2.85765e-07 1.4096e-06 882.879 9726.67
7780  1.45982e-07  1.99847e-07  1.37327e-07  4.83156e-07  1.88696  391.025 2.53532e-07 1.37523e-06 882.879 9726.67
7800  1.31744e-07  1.76943e-07  1.25531e-07  4.34218e-07  1.88697  391.025 2.26401e-07 1.34792e-06 882.879 9726.67
7820  1.2063e-07  1.62807e-07  1.13219e-07  3.96656e-07  1.88707  391.025 2.05693e-07 1.32892e-06 882.879 9726.67
7840  1.13299e-07  1.57229e-07  1.01915e-07  3.72444e-07  1.88724  391.025 1.92407e-07 1.31861e-06 882.879 9726.67
7860  1.1022e-07  1.59103e-07  9.33366e-08  3.62659e-07  1.88748  391.025 1.86993e-07 1.31646e-06 882.879 9726.67
7880  1.1155e-07  1.66672e-07  8.89424e-08  3.67164e-07  1.88773  391.025 1.89194e-07 1.32116e-06 882.879 9726.67
7900  1.17068e-07  1.77835e-07  8.95483e-08  3.84451e-07  1.88799  391.025 1.9799e-07 1.33081e-06 882.879 9726.67
7920  1.26149e-07  1.90471e-07  9.50902e-08  4.1171e-07  1.88818  391.025 2.11662e-07 1.34322e-06 882.879 9726.67
7940  1.37818e-07  2.02682e-07  1.04589e-07  4.45088e-07  1.88829  391.025 2.27967e-07 1.35619e-06 882.879 9726.67
7960  1.50835e-07  2.1298e-07  1.1631e-07  4.80125e-07  1.88828  391.025 2.44402e-07 1.36776e-06 882.879 9726.67
7980  1.63853e-07  2.2035e-07  1.28084e-07  5.12287e-07  1.88816  391.025 2.58501e-07 1.37638e-06 882.879 9726.67
8000  1.75568e-07  2.24256e-07  1.37693e-07  5.37517e-07  1.88793  391.025 2.68146e-07 1.38104e-06 882.879 9726.67
8020  1.8488e-07  2.24565e-07  1.43264e-07  5.52709e-07  1.88761  391.025 2.71806e-07 1.38125e-06 882.879 9726.67
8040  1.9101e-07  2.21466e-07  1.4357e-07  5.56046e-07  1.88725  391.025 2.68708e-07 1.37707e-06 882.879 9726.67
8060  1.93591e-07  2.15355e-07  1.38202e-07  5.47147e-07  1.88689  391.025 2.58883e-07 1.36896e-06 882.879 9726.67
8080  1.92671e-07  2.06756e-07  1.27594e-07  5.27021e-07  1.88657  391.025 2.43115e-07 1.3577e-06 882.879 9726.67
8100  1.88695e-07  1.96247e-07  1.12901e-07  4.97843e-07  1.88632  391.025 2.22788e-07 1.34424e-06 882.879 9726.67
8120  1.8241e-07  1.84418e-07  9.57751e-08  4.62602e-07  1.88615  391.025 1.9968e-07 1.3296e-06 882.879 9726.67
8140  1.74761e-07  1.71845e-07  7.8078e-08  4.24683e-07  1.88607  391.025 1.75716e-07 1.31476e-06 882.879 9726.67
8160  1.66758e-07  1.59092e-07  6.15916e-08  3.87441e-07  1.88606  391.025 1.52741e-07 1.3006e-06 882.879 9726.67
8180  1.59364e-07  1.467e-07  4.7767e-08  3.53831e-07  1.8861  391.025 1.3232e-07 1.28783e-06 882.879 9726.67
8200  1.53386e-07  1.35189e-07  3.7551e-08  3.26125e-07  1.88616  391.025 1.15597e-07 1.27699e-06 882.879 9726.67
8220  1.4941e-07  1.25012e-07  3.13089e-08  3.05731e-07  1.88625  391.025 1.03216e-07 1.26842e-06 882.879 9726.67
8240  1.47757e-07  1.1652e-07  2.88447e-08  2.93122e-07  1.88634  391.025 9.52927e-08 1.26222e-06 882.879 9726.67
8260  1.48475e-07  1.09885e-07  2.95024e-08  2.87862e-07  1.88645  391.025 9.14476e-08 1.2583e-06 882.879 9726.67
8280  1.5135e-07  1.05048e-07  3.23217e-08  2.8872e-07  1.88657  391.025 9.0878e-08 1.2563e-06 882.879 9726.67
8300  1.55956e-07  1.01678e-07  3.62156e-08  2.9385e-07  1.88675  391.025 9.24675e-08 1.25563e-06 882.879 9726.67
8320  1.61707e-07  9.91931e-08  4.01369e-08  3.01037e-07  1.88697  391.025 9.4927e-08 1.25551e-06 882.879 9726.67
8340  1.67944e-07  9.68363e-08  4.32053e-08  3.07985e-07  1.88726  391.025 9.6958e-08 1.25505e-06 882.879 9726.67
8360  1.74018e-07  9.38286e-08  4.47849e-08  3.12631e-07  1.88759  391.025 9.74274e-08 1.25344e-06 882.879 9726.67
8380  1.79394e-07  8.95466e-08  4.45107e-08  3.13452e-07  1.88796  391.025 9.55366e-08 1.25006e-06 882.879 9726.67
8400  1.83728e-07  8.37173e-08  4.22788e-08  3.09725e-07  1.88833  391.025 9.09603e-08 1.24469e-06 882.879 9726.67
8420  1.8694e-07  7.65422e-08  3.82175e-08  3.017e-07  1.88865  391.025 8.39302e-08 1.23762e-06 882.879 9726.67
8440  1.89237e-07  6.87417e-08  3.26577e-08  2.90636e-07  1.88889  391.025 7.52398e-08 1.22967e-06 882.879 9726.67
8460  1.91109e-07  6.14541e-08  2.61126e-08  2.78676e-07  1.88903  391.025 6.61577e-08 1.22213e-06 882.879 9726.67
8480  1.93265e-07  5.60376e-08  1.92624e-08  2.68565e-07  1.88902  391.025 5.82538e-08 1.21653e-06 882.879 9726.67
8500  1.96542e-07  5.37787e-08  1.29313e-08  2.63252e-07  1.88888  391.025 5.31611e-08 1.21438e-06 882.879 9726.67
8520  2.01769e-07  5.56128e-08  8.03826e-09  2.6542e-07  1.88859  391.025 5.23116e-08 1.21686e-06 882.879 9726.67
8540  2.0965e-07  6.18968e-08  5.50757e-09  2.77054e-07  1.88821  391.025 5.66965e-08 1.22458e-06 882.879 9726.67
8560  2.20635e-07  7.23314e-08  6.13791e-09  2.99105e-07  1.88776  391.025 6.66977e-08 1.23745e-06 882.879 9726.67
8580  2.34859e-07  8.60256e-08  1.04473e-08  3.31332e-07  1.8873  391.025 8.20255e-08 1.25469e-06 882.879 9726.67
8600  2.5211e-07  1.01724e-07  1.85279e-08  3.72362e-07  1.88686  391.025 1.01776e-07 1.27501e-06 882.879 9726.67
8620  2.71879e-07  1.18098e-07  2.99542e-08  4.19931e-07  1.88651  391.025 1.24595e-07 1.2969e-06 882.879 9726.67
8640  2.93432e-07  1.34052e-07  4.37824e-08  4.71267e-07  1.88624  391.025 1.4891e-07 1.31893e-06 882.879 9726.67
8660  3.15942e-07  1.48925e-07  5.86615e-08  5.23529e-07  1.88611  391.025 1.7318e-07 1.34e-06 882.879 9726.67
8680  3.38593e-07  1.62556e-07  7.30474e-08  5.74197e-07  1.88609  391.025 1.96107e-07 1.35952e-06 882.879 9726.67
8700  3.60689e-07  1.75172e-07  8.54782e-08  6.2134e-07  1.88618  391.025 2.16767e-07 1.37733e-06 882.879 9726.67
8720  3.817e-07  1.87158e-07  9.48513e-08  6.6371e-07  1.88635  391.025 2.34629e-07 1.39361e-06 882.879 9726.67
8740  4.01277e-07  1.98748e-07  1.0063e-07  7.00656e-07  1.88659  391.025 2.49484e-07 1.40855e-06 882.879 9726.67
8760  4.19205e-07  2.09768e-07  1.02925e-07  7.31898e-07  1.88684  391.025 2.61294e-07 1.42213e-06 882.879 9726.67
8780  4.35342e-07  2.19486e-07  1.02415e-07  7.57243e-07  1.88708  391.025 2.70021e-07 1.43392e-06 882.879 9726.67
8800  4.49542e-07  2.26649e-07  1.00132e-07  7.76323e-07  1.88728  391.025 2.75478e-07 1.44299e-06 882.879 9726.67
8820  4.61601e-07  2.29678e-07  9.71551e-08  7.88434e-07  1.88743  391.025 2.77256e-07 1.44803e-06 882.879 9726.67
8840  4.71234e-07  2.27005e-07  9.42946e-08  7.92534e-07  1.8875  391.025 2.74738e-07 1.4476e-06 882.879 9726.67
8860  4.78099e-07  2.17442e-07  9.18572e-08  7.87398e-07  1.88752  391.025 2.67209e-07 1.44043e-06 882.879 9726.67
8880  4.81857e-07  2.00499e-07  8.95535e-08  7.71909e-07  1.88746  391.025 2.54034e-07 1.42578e-06 882.879 9726.67
8900  4.82264e-07  1.76558e-07  8.65796e-08  7.45402e-07  1.88737  391.025 2.34861e-07 1.40364e-06 882.879 9726.67
8920  4.79263e-07  1.46866e-07  8.18552e-08  7.07985e-07  1.88726  391.025 2.09796e-07 1.37483e-06 882.879 9726.66
8940  4.73065e-07  1.1334e-07  7.4354e-08  6.60759e-07  1.88716  391.025 1.79513e-07 1.34093e-06 882.879 9726.66
8960  4.64182e-07  7.82468e-08  6.34412e-08  6.0587e-07  1.88709  391.025 1.45262e-07 1.30403e-06 882.879 9726.66
8980  4.53424e-07  4.38188e-08  4.91235e-08  5.46366e-07  1.88709  391.025 1.08769e-07 1.26644e-06 882.878 9726.66
9000  4.41821e-07  1.19176e-08  3.21457e-08  4.85885e-07  1.88715  391.025 7.20381e-08 1.2303e-06 882.878 9726.66
9020  4.30528e-07  -1.62172e-08  1.39032e-08  4.28214e-07  1.88731  391.025 3.7102e-08 1.19731e-06 882.878 9726.66
9040  4.2067e-07  -4.00569e-08  -3.81036e-09  3.76803e-07  1.88754  391.025 5.74579e-09 1.16853e-06 882.878 9726.66
9060  4.13214e-07  -5.97445e-08  -1.916e-08  3.3431e-07  1.88783  391.025 -2.073e-08 1.14429e-06 882.878 9726.66
9080  4.08838e-07  -7.59294e-08  -3.06461e-08  3.02263e-07  1.88816  391.025 -4.16778e-08 1.12427e-06 882.878 9726.66
9100  4.07852e-07  -8.9561e-08  -3.74115e-08  2.80879e-07  1.88848  391.025 -5.71732e-08 1.10765e-06 882.878 9726.66
9120  4.10162e-07  -1.01667e-07  -3.94136e-08  2.69082e-07  1.88877  391.025 -6.79811e-08 1.09329e-06 882.878 9726.66
9140  4.15306e-07  -1.13192e-07  -3.74272e-08  2.64686e-07  1.88899  391.025 -7.54244e-08 1.07994e-06 882.878 9726.66
9160  4.22511e-07  -1.2489e-07  -3.28869e-08  2.64735e-07  1.88912  391.025 -8.11834e-08 1.0664e-06 882.878 9726.66
9180  4.30821e-07  -1.37301e-07  -2.7609e-08  2.65911e-07  1.88915  391.025 -8.70595e-08 1.05168e-06 882.878 9726.66
9200  4.39208e-07  -1.50773e-07  -2.34603e-08  2.64974e-07  1.88908  391.025 -9.47411e-08 1.03499e-06 882.878 9726.66
9220  4.46714e-07  -1.65523e-07  -2.2043e-08  2.59148e-07  1.88892  391.025 -1.05604e-07 1.01584e-06 882.878 9726.66
9240  4.52552e-07  -1.81685e-07  -2.4455e-08  2.46412e-07  1.8887  391.025 -1.2057e-07 9.93949e-07 882.877 9726.66
9260  4.56192e-07  -1.99361e-07  -3.11613e-08  2.2567e-07  1.88843  391.025 -1.40042e-07 9.69276e-07 882.877 9726.66
9280  4.57392e-07  -2.18622e-07  -4.19871e-08  1.96783e-07  1.88814  391.025 -1.63912e-07 9.41936e-07 882.877 9726.66
9300  4.56207e-07  -2.39516e-07  -5.62163e-08  1.60475e-07  1.88784  391.025 -1.91629e-07 9.12176e-07 882.877 9726.66
9320  4.52943e-07  -2.62032e-07  -7.27639e-08  1.18147e-07  1.88753  391.025 -2.22325e-07 8.80337e-07 882.877 9726.66
9340  4.48096e-07  -2.86099e-07  -9.03817e-08  7.16152e-08  1.88723  391.025 -2.54959e-07 8.46814e-07 882.877 9726.66
9360  4.42263e-07  -3.1157e-07  -1.07858e-07  2.28347e-08  1.8869  391.025 -2.88471e-07 8.12018e-07 882.877 9726.66
9380  4.36059e-07  -3.38253e-07  -1.24187e-07  -2.63815e-08  1.88657  391.025 -3.21934e-07 7.76325e-07 882.877 9726.66
9400  4.30023e-07  -3.65948e-07  -1.38676e-07  -7.46006e-08  1.88623  391.025 -3.54665e-07 7.40027e-07 882.877 9726.66
9420  4.24556e-07  -3.94505e-07  -1.51007e-07  -1.20956e-07  1.88588  391.025 -3.86319e-07 7.03274e-07 882.876 9726.66
9440  4.19861e-07  -4.23887e-07  -1.61234e-07  -1.6526e-07  1.88554  391.025 -4.16929e-07 6.66033e-07 882.876 9726.66
9460  4.15923e-07  -4.54217e-07  -1.6974e-07  -2.08034e-07  1.88524  391.025 -4.46912e-07 6.28063e-07 882.876 9726.66
9480  4.125e-07  -4.85791e-07  -1.77172e-07  -2.50462e-07  1.885  391.025 -4.77025e-07 5.88909e-07 882.876 9726.66
9500  4.09159e-07  -5.19075e-07  -1.84343e-07  -2.94259e-07  1.88486  391.025 -5.08284e-07 5.47943e-07 882.876 9726.65
9520  4.05318e-07  -5.54638e-07  -1.92144e-07  -3.41464e-07  1.88482  391.025 -5.41844e-07 5.04437e-07 882.876 9726.65
9540  4.00324e-07  -5.93068e-07  -2.01446e-07  -3.9419e-07  1.88491  391.025 -5.78858e-07 4.57663e-07 882.875 9726.65
9560  3.93537e-07  -6.34855e-07  -2.13017e-07  -4.54334e-07  1.88511  391.025 -6.20314e-07 4.07019e-07 882.875 9726.65
9580  3.84422e-07  -6.80283e-07  -2.27446e-07  -5.23307e-07  1.88541  391.025 -6.66895e-07 3.5215e-07 882.875 9726.65
9600  3.72625e-07  -7.29336e-07  -2.45085e-07  -6.01797e-07  1.88576  391.025 -7.18863e-07 2.93047e-07 882.875 9726.65
9620  3.58035e-07  -7.81661e-07  -2.66001e-07  -6.89627e-07  1.88613  391.025 -7.75984e-07 2.30094e-07 882.875 9726.65
9640  3.40814e-07  -8.36578e-07  -2.89957e-07  -7.85721e-07  1.88647  391.025 -8.37534e-07 1.64055e-07 882.875 9726.65
9660  3.21389e-07  -8.9317e-07  -3.16416e-07  -8.88197e-07  1.88675  391.025 -9.02363e-07 9.59911e-08 882.874 9726.65
9680  3.00408e-07  -9.50402e-07  -3.44574e-07  -9.94569e-07  1.88692  391.025 -9.6902e-07 2.7124e-08 882.874 9726.65
9700  2.78668e-07  -1.00728e-06  -3.7343e-07  -1.10204e-06  1.88699  391.025 -1.03593e-06 -4.13269e-08 882.874 9726.65
9720  2.57022e-07  -1.06296e-06  -4.01884e-07  -1.20782e-06  1.88694  391.025 -1.10156e-06 -1.08303e-07 882.874 9726.65
9740  2.36287e-07  -1.11686e-06  -4.28864e-07  -1.30943e-06  1.88679  391.025 -1.16459e-06 -1.73019e-07 882.874 9726.65
9760  2.17159e-07  -1.16863e-06  -4.53458e-07  -1.40493e-06  1.88656  391.025 -1.22404e-06 -2.35007e-07 882.874 9726.65
9780  2.00166e-07  -1.21813e-06  -4.75037e-07  -1.493e-06  1.88629  391.025 -1.27928e-06 -2.94079e-07 882.874 9726.64
9800  1.85641e-07  -1.26527e-06  -4.93337e-07  -1.57296e-06  1.88601  391.025 -1.33003e-06 -3.50224e-07 882.874 9726.64
9820  1.73748e-07  -1.30991e-06  -5.08485e-07  -1.64465e-06  1.88575  391.025 -1.37627e-06 -4.03472e-07 882.873 9726.64
9840  1.64519e-07  -1.35175e-06  -5.20953e-07  -1.70819e-06  1.88554  391.025 -1.41813e-06 -4.53766e-07 882.873 9726.64
9860  1.57911e-07  -1.39031e-06  -5.3145e-07  -1.76385e-06  1.8854  391.025 -1.45577e-06 -5.00885e-07 882.873 9726.64
9880  1.53859e-07  -1.42498e-06  -5.40762e-07  -1.81188e-06  1.88532  391.025 -1.48933e-06 -5.44459e-07 882.873 9726.64
9900  1.52304e-07  -1.45517e-06  -5.49582e-07  -1.85244e-06  1.88531  391.025 -1.5189e-06 -5.8406e-07 882.873 9726.64
9920  1.53197e-07  -1.48052e-06  -5.58362e-07  -1.88568e-06  1.88534  391.025 -1.54456e-06 -6.19371e-07 882.872 9726.64
9940  1.56473e-07  -1.5011e-06  -5.67241e-07  -1.91187e-06  1.88541  391.025 -1.56649e-06 -6.50378e-07 882.872 9726.64
9960  1.62e-07  -1.51755e-06  -5.76046e-07  -1.9316e-06  1.88548  391.025 -1.58506e-06 -6.77532e-07 882.872 9726.64
9980  1.69525e-07  -1.53108e-06  -5.84399e-07  -1.94596e-06  1.88553  391.025 -1.60097e-06 -7.01829e-07 882.872 9726.64
10000  1.78628e-07  -1.54341e-06  -5.91883e-07  -1.95667e-06  1.88554  391.025 -1.61526e-06 -7.24777e-07 882.872 9726.64
10020  1.88709e-07  -1.55651e-06  -5.98241e-07  -1.96604e-06  1.88548  391.025 -1.6293e-06 -7.48239e-07 882.871 9726.64
10040  1.99006e-07  -1.57232e-06  -6.03544e-07  -1.97686e-06  1.88536  391.025 -1.64471e-06 -7.74178e-07 882.871 9726.64
10060  2.08663e-07  -1.59245e-06  -6.08283e-07  -1.99207e-06  1.88517  391.025 -1.66315e-06 -8.04359e-07 882.871 9726.64
10080  2.16816e-07  -1.61789e-06  -6.1335e-07  -2.01442e-06  1.88491  391.025 -1.68611e-06 -8.40067e-07 882.871 9726.64
10100  2.22716e-07  -1.64887e-06  -6.199e-07  -2.04606e-06  1.88461  391.025 -1.71469e-06 -8.81905e-07 882.87 9726.64
10120  2.25826e-07  -1.6849e-06  -6.29122e-07  -2.0882e-06  1.88429  391.025 -1.74942e-06 -9.29717e-07 882.87 9726.64
10140  2.25919e-07  -1.72485e-06  -6.41971e-07  -2.1409e-06  1.88398  391.025 -1.79018e-06 -9.82639e-07 882.87 9726.63
10160  2.23111e-07  -1.76724e-06  -6.58917e-07  -2.20305e-06  1.8837  391.025 -1.83617e-06 -1.03928e-06 882.869 9726.63
10180  2.17862e-07  -1.8105e-06  -6.79788e-07  -2.27242e-06  1.88348  391.025 -1.88601e-06 -1.09798e-06 882.869 9726.63
10200  2.10916e-07  -1.85323e-06  -7.03739e-07  -2.34605e-06  1.88334  391.025 -1.93794e-06 -1.15707e-06 882.869 9726.63
10220  2.03203e-07  -1.89441e-06  -7.29371e-07  -2.42057e-06  1.8833  391.025 -1.99006e-06 -1.21514e-06 882.869 9726.63
10240  1.95709e-07  -1.93346e-06  -7.54964e-07  -2.49272e-06  1.88335  391.025 -2.04058e-06 -1.27118e-06 882.869 9726.63
10260  1.89359e-07  -1.97026e-06  -7.78793e-07  -2.55969e-06  1.88349  391.025 -2.08802e-06 -1.32468e-06 882.868 9726.63
10280  1.84888e-07  -2.00499e-06  -7.99439e-07  -2.61954e-06  1.8837  391.025 -2.13143e-06 -1.37557e-06 882.868 9726.63
10300  1.82773e-07  -2.03806e-06  -8.16039e-07  -2.67133e-06  1.88397  391.025 -2.17042e-06 -1.42416e-06 882.868 9726.63
10320  1.83183e-07  -2.06991e-06  -8.28427e-07  -2.71515e-06  1.88426  391.025 -2.20521e-06 -1.47101e-06 882.868 9726.63
10340  1.85993e-07  -2.10095e-06  -8.37125e-07  -2.75208e-06  1.88457  391.025 -2.23649e-06 -1.51677e-06 882.867 9726.63
10360  1.90823e-07  -2.13148e-06  -8.43213e-07  -2.78387e-06  1.88487  391.025 -2.26535e-06 -1.56209e-06 882.867 9726.63
10380  1.97123e-07  -2.16172e-06  -8.48091e-07  -2.81269e-06  1.88516  391.025 -2.29302e-06 -1.60755e-06 882.867 9726.63
10400  2.04261e-07  -2.1918e-06  -8.53213e-07  -2.84075e-06  1.88542  391.025 -2.32073e-06 -1.6536e-06 882.866 9726.63
10420  2.11628e-07  -2.2218e-06  -8.59825e-07  -2.87e-06  1.88566  391.025 -2.34953e-06 -1.70054e-06 882.866 9726.63
10440  2.18721e-07  -2.25182e-06  -8.68772e-07  -2.90187e-06  1.88588  391.025 -2.38013e-06 -1.74853e-06 882.866 9726.63
10460  2.25213e-07  -2.2819e-06  -8.80397e-07  -2.93708e-06  1.88608  391.025 -2.41287e-06 -1.79757e-06 882.865 9726.63
10480  2.30989e-07  -2.31205e-06  -8.94539e-07  -2.9756e-06  1.88625  391.025 -2.44765e-06 -1.84751e-06 882.865 9726.63
10500  2.3616e-07  -2.34218e-06  -9.10619e-07  -3.01664e-06  1.88639  391.025 -2.48395e-06 -1.89803e-06 882.865 9726.63
10520  2.41037e-07  -2.37209e-06  -9.27777e-07  -3.05883e-06  1.88647  391.025 -2.52099e-06 -1.94868e-06 882.864 9726.63
10540  2.46088e-07  -2.40141e-06  -9.45033e-07  -3.10036e-06  1.88649  391.025 -2.55773e-06 -1.99886e-06 882.864 9726.63
10560  2.51868e-07  -2.42968e-06  -9.61439e-07  -3.13925e-06  1.88644  391.025 -2.59309e-06 -2.04792e-06 882.864 9726.63
10580  2.58951e-07  -2.45638e-06  -9.76196e-07  -3.17362e-06  1.88631  391.025 -2.62608e-06 -2.09522e-06 882.863 9726.63
10600  2.6785e-07  -2.48102e-06  -9.88736e-07  -3.20191e-06  1.8861  391.025 -2.6559e-06 -2.14024e-06 882.863 9726.63
10620  2.78951e-07  -2.50328e-06  -9.98753e-07  -3.22309e-06  1.88583  391.025 -2.68205e-06 -2.18263e-06 882.863 9726.62
10640  2.92455e-07  -2.52308e-06  -1.00621e-06  -3.23683e-06  1.88551  391.025 -2.70445e-06 -2.22237e-06 882.862 9726.62
10660  3.08349e-07  -2.54061e-06  -1.01132e-06  -3.24358e-06  1.88519  391.025 -2.72343e-06 -2.25973e-06 882.862 9726.62
10680  3.26389e-07  -2.55639e-06  -1.01451e-06  -3.24451e-06  1.88489  391.025 -2.73972e-06 -2.29534e-06 882.861 9726.62
10700  3.46119e-07  -2.57121e-06  -1.01638e-06  -3.24147e-06  1.88466  391.025 -2.75436e-06 -2.33009e-06 882.861 9726.62
10720  3.66907e-07  -2.58601e-06  -1.01767e-06  -3.23677e-06  1.88452  391.025 -2.76866e-06 -2.36507e-06 882.861 9726.62
10740  3.88009e-07  -2.60183e-06  -1.01916e-06  -3.23298e-06  1.88448  391.025 -2.784e-06 -2.40143e-06 882.86 9726.62
10760  4.08631e-07  -2.61962e-06  -1.02168e-06  -3.23267e-06  1.88455  391.025 -2.80174e-06 -2.44025e-06 882.86 9726.62
10780  4.28009e-07  -2.64022e-06  -1.02596e-06  -3.23817e-06  1.88472  391.025 -2.82305e-06 -2.48244e-06 882.86 9726.62
10800  4.45475e-07  -2.66421e-06  -1.03263e-06  -3.25136e-06  1.88496  391.025 -2.84886e-06 -2.52863e-06 882.859 9726.62
10820  4.60507e-07  -2.69197e-06  -1.0421e-06  -3.27356e-06  1.88525  391.025 -2.87972e-06 -2.57919e-06 882.859 9726.62
10840  4.72761e-07  -2.72366e-06  -1.05455e-06  -3.30545e-06  1.88554  391.025 -2.91589e-06 -2.63421e-06 882.858 9726.62
10860  4.82075e-07  -2.75927e-06  -1.06993e-06  -3.34712e-06  1.8858  391.025 -2.95729e-06 -2.69356e-06 882.858 9726.62
10880  4.88452e-07  -2.79874e-06  -1.08792e-06  -3.39821e-06  1.88601  391.025 -3.00361e-06 -2.757e-06 882.858 9726.62
10900  4.92028e-07  -2.84198e-06  -1.10804e-06  -3.45799e-06  1.88615  391.025 -3.05439e-06 -2.82424e-06 882.857 9726.62
10920  4.9303e-07  -2.88891e-06  -1.12971e-06  -3.52559e-06  1.88621  391.025 -3.10913e-06 -2.89504e-06 882.857 9726.62
10940  4.91735e-07  -2.93948e-06  -1.15234e-06  -3.60008e-06  1.8862  391.025 -3.16733e-06 -2.96916e-06 882.857 9726.62
10960  4.88439e-07  -2.99357e-06  -1.17541e-06  -3.68055e-06  1.88614  391.025 -3.22852e-06 -3.0464e-06 882.856 9726.62
10980  4.83449e-07  -3.05098e-06  -1.1986e-06  -3.76613e-06  1.88606  391.025 -3.2923e-06 -3.12653e-06 882.856 9726.62
11000  4.77077e-07  -3.11127e-06  -1.22174e-06  -3.85592e-06  1.88597  391.025 -3.35822e-06 -3.20917e-06 882.855 9726.62
11020  4.69669e-07  -3.17375e-06  -1.24483e-06  -3.94891e-06  1.8859  391.025 -3.4258e-06 -3.29374e-06 882.855 9726.62
11040  4.61615e-07  -3.23746e-06  -1.26801e-06  -4.04386e-06  1.88587  391.025 -3.49439e-06 -3.37943e-06 882.855 9726.61
11060  4.53377e-07  -3.30123e-06  -1.29143e-06  -4.13928e-06  1.8859  391.025 -3.56321e-06 -3.46519e-06 882.854 9726.61
11080  4.45482e-07  -3.36378e-06  -1.31514e-06  -4.23343e-06  1.88599  391.025 -3.63136e-06 -3.54984e-06 882.854 9726.61
11100  4.38503e-07  -3.42391e-06  -1.33906e-06  -4.32447e-06  1.88613  391.025 -3.69783e-06 -3.63222e-06 882.854 9726.61
11120  4.33009e-07  -3.48071e-06  -1.3629e-06  -4.4106e-06  1.88632  391.025 -3.76171e-06 -3.71133e-06 882.853 9726.61
11140  4.29503e-07  -3.53368e-06  -1.3862e-06  -4.49037e-06  1.88654  391.025 -3.82225e-06 -3.78656e-06 882.853 9726.61
11160  4.28342e-07  -3.58286e-06  -1.40839e-06  -4.56291e-06  1.88676  391.025 -3.87904e-06 -3.85779e-06 882.853 9726.61
11180  4.29669e-07  -3.62885e-06  -1.42893e-06  -4.62812e-06  1.88696  391.025 -3.93214e-06 -3.92544e-06 882.852 9726.61
11200  4.3337e-07  -3.67271e-06  -1.44748e-06  -4.68682e-06  1.88712  391.025 -3.98208e-06 -3.99047e-06 882.852 9726.61
11220  4.39059e-07  -3.7158e-06  -1.46397e-06  -4.74071e-06  1.88721  391.025 -4.02986e-06 -4.05418e-06 882.852 9726.61
11240  4.46107e-07  -3.75953e-06  -1.47876e-06  -4.79218e-06  1.88722  391.025 -4.07685e-06 -4.11808e-06 882.851 9726.61
11260  4.53711e-07  -3.80517e-06  -1.4926e-06  -4.84406e-06  1.88714  391.025 -4.12458e-06 -4.18362e-06 882.851 9726.61
11280  4.60991e-07  -3.85366e-06  -1.50653e-06  -4.8992e-06  1.88698  391.025 -4.17459e-06 -4.25198e-06 882.851 9726.61
11300  4.67103e-07  -3.90547e-06  -1.5218e-06  -4.96017e-06  1.88673  391.025 -4.22816e-06 -4.32389e-06 882.85 9726.6
11320  4.7135e-07  -3.96063e-06  -1.53955e-06  -5.02883e-06  1.88642  391.025 -4.2862e-06 -4.39958e-06 882.85 9726.6
11340  4.73267e-07  -4.01877e-06  -1.56069e-06  -5.10619e-06  1.88606  391.025 -4.34907e-06 -4.47882e-06 882.849 9726.6
11360  4.72674e-07  -4.07928e-06  -1.58565e-06  -5.19226e-06  1.88568  391.025 -4.41664e-06 -4.561e-06 882.849 9726.6
11380  4.6968e-07  -4.14151e-06  -1.61431e-06  -5.28614e-06  1.88529  391.025 -4.48829e-06 -4.64528e-06 882.849 9726.6
11400  4.6465e-07  -4.20489e-06  -1.64601e-06  -5.38625e-06  1.88492  391.025 -4.56306e-06 -4.73083e-06 882.849 9726.6
11420  4.58129e-07  -4.26905e-06  -1.67967e-06  -5.49059e-06  1.88458  391.025 -4.63982e-06 -4.81694e-06 882.848 9726.6
11440  4.50742e-07  -4.33388e-06  -1.71398e-06  -5.59711e-06  1.88427  391.025 -4.71749e-06 -4.90314e-06 882.848 9726.6
11460  4.43097e-07  -4.3995e-06  -1.74762e-06  -5.70403e-06  1.88402  391.025 -4.79518e-06 -4.98927e-06 882.848 9726.6
11480  4.3569e-07  -4.4662e-06  -1.77956e-06  -5.81007e-06  1.88381  391.025 -4.87232e-06 -5.07545e-06 882.847 9726.6
11500  4.28835e-07  -4.53434e-06  -1.80918e-06  -5.91469e-06  1.88366  391.025 -4.94877e-06 -5.16202e-06 882.847 9726.6
11520  4.22627e-07  -4.60427e-06  -1.83641e-06  -6.01805e-06  1.88355  391.025 -5.02477e-06 -5.24947e-06 882.847 9726.6
11540  4.16938e-07  -4.67626e-06  -1.86167e-06  -6.121e-06  1.88349  391.025 -5.10091e-06 -5.33833e-06 882.847 9726.59
11560  4.11451e-07  -4.7505e-06  -1.88584e-06  -6.2249e-06  1.88348  391.025 -5.17803e-06 -5.4291e-06 882.846 9726.59
11580  4.0571e-07  -4.82708e-06  -1.91003e-06  -6.3314e-06  1.88352  391.025 -5.25707e-06 -5.52222e-06 882.846 9726.59
11600  3.99191e-07  -4.90602e-06  -1.93538e-06  -6.44221e-06  1.88362  391.025 -5.33897e-06 -5.61801e-06 882.846 9726.59
11620  3.91385e-07  -4.98729e-06  -1.96289e-06  -6.5588e-06  1.88377  391.025 -5.42447e-06 -5.71667e-06 882.845 9726.59
11640  3.81863e-07  -5.07085e-06  -1.99327e-06  -6.68226e-06  1.88397  391.025 -5.51408e-06 -5.81824e-06 882.845 9726.59
11660  3.70343e-07  -5.15661e-06  -2.02683e-06  -6.8131e-06  1.88422  391.025 -5.60796e-06 -5.92262e-06 882.845 9726.59
11680  3.5673e-07  -5.24442e-06  -2.06348e-06  -6.95116e-06  1.88448  391.025 -5.7059e-06 -6.02954e-06 882.845 9726.59
11700  3.41139e-07  -5.33402e-06  -2.10278e-06  -7.09565e-06  1.88476  391.025 -5.80735e-06 -6.13855e-06 882.844 9726.58
11720  3.23891e-07  -5.42502e-06  -2.14401e-06  -7.24514e-06  1.885  391.025 -5.9114e-06 -6.249e-06 882.844 9726.58
11740  3.05487e-07  -5.51687e-06  -2.18632e-06  -7.39771e-06  1.8852  391.025 -6.01693e-06 -6.3601e-06 882.844 9726.58
11760  2.86569e-07  -5.60889e-06  -2.22879e-06  -7.55111e-06  1.88533  391.025 -6.12265e-06 -6.4709e-06 882.844 9726.58
11780  2.67861e-07  -5.7003e-06  -2.27051e-06  -7.70295e-06  1.88537  391.025 -6.22724e-06 -6.58041e-06 882.844 9726.58
11800  2.50106e-07  -5.79029e-06  -2.31073e-06  -7.85092e-06  1.88531  391.025 -6.32944e-06 -6.68766e-06 882.843 9726.58
11820  2.34003e-07  -5.87814e-06  -2.34882e-06  -7.99295e-06  1.88518  391.025 -6.42818e-06 -6.79179e-06 882.843 9726.58
11840  2.20148e-07  -5.96324e-06  -2.38433e-06  -8.12743e-06  1.88498  391.025 -6.52264e-06 -6.8921e-06 882.843 9726.58
11860  2.08988e-07  -6.04517e-06  -2.41705e-06  -8.25323e-06  1.88474  391.025 -6.61231e-06 -6.98818e-06 882.843 9726.58
11880  2.00794e-07  -6.12374e-06  -2.44693e-06  -8.36987e-06  1.88448  391.025 -6.69701e-06 -7.07985e-06 882.843 9726.57
11900  1.95653e-07  -6.19893e-06  -2.47415e-06  -8.47742e-06  1.88425  391.025 -6.77688e-06 -7.16719e-06 882.842 9726.57
11920  1.93475e-07  -6.27092e-06  -2.49904e-06  -8.57649e-06  1.88407  391.025 -6.85233e-06 -7.25049e-06 882.842 9726.57
11940  1.94022e-07  -6.34001e-06  -2.5221e-06  -8.66809e-06  1.88395  391.025 -6.924e-06 -7.3302e-06 882.842 9726.57
11960  1.96943e-07  -6.40656e-06  -2.54389e-06  -8.75351e-06  1.88389  391.025 -6.99265e-06 -7.40689e-06 882.842 9726.57
11980  2.01818e-07  -6.471e-06  -2.56503e-06  -8.83421e-06  1.88391  391.025 -7.0591e-06 -7.48113e-06 882.842 9726.57
12000  2.08193e-07  -6.5338e-06  -2.58608e-06  -8.91169e-06  1.88397  391.025 -7.12419e-06 -7.55353e-06 882.841 9726.57
12020  2.15611e-07  -6.59547e-06  -2.60753e-06  -8.98739e-06  1.88406  391.025 -7.18871e-06 -7.62473e-06 882.841 9726.57
12040  2.23629e-07  -6.65661e-06  -2.62971e-06  -9.06269e-06  1.88414  391.025 -7.25339e-06 -7.69535e-06 882.841 9726.57
12060  2.31833e-07  -6.71787e-06  -2.65284e-06  -9.13887e-06  1.88421  391.025 -7.31894e-06 -7.76607e-06 882.841 9726.56
12080  2.39826e-07  -6.78001e-06  -2.67698e-06  -9.21717e-06  1.88422  391.025 -7.38601e-06 -7.83761e-06 882.841 9726.56
12100  2.47236e-07  -6.84386e-06  -2.70213e-06  -9.29875e-06  1.88418  391.025 -7.45523e-06 -7.91071e-06 882.841 9726.56
12120  2.53706e-07  -6.91022e-06  -2.72823e-06  -9.38475e-06  1.88407  391.025 -7.52719e-06 -7.98612e-06 882.841 9726.56
12140  2.58906e-07  -6.97984e-06  -2.75526e-06  -9.47619e-06  1.88392  391.025 -7.60242e-06 -8.06452e-06 882.84 9726.56
12160  2.62544e-07  -7.05325e-06  -2.78325e-06  -9.57396e-06  1.88372  391.025 -7.68136e-06 -8.14641e-06 882.84 9726.56
12180  2.64402e-07  -7.13073e-06  -2.81231e-06  -9.67864e-06  1.8835  391.025 -7.76427e-06 -8.23205e-06 882.84 9726.56
12200  2.64363e-07  -7.21216e-06  -2.84261e-06  -9.7904e-06  1.88328  391.025 -7.85117e-06 -8.32135e-06 882.84 9726.56
12220  2.6245e-07  -7.29706e-06  -2.87431e-06  -9.90892e-06  1.88309  391.025 -7.94178e-06 -8.41386e-06 882.84 9726.56
12240  2.58852e-07  -7.38459e-06  -2.90751e-06  -1.00333e-05  1.88294  391.025 -8.03549e-06 -8.50873e-06 882.84 9726.55
12260  2.53934e-07  -7.47363e-06  -2.94218e-06  -1.01619e-05  1.88287  391.025 -8.13137e-06 -8.60483e-06 882.84 9726.55
12280  2.48222e-07  -7.56296e-06  -2.97807e-06  -1.02928e-05  1.88286  391.025 -8.22825e-06 -8.70085e-06 882.84 9726.55
12300  2.42362e-07  -7.65138e-06  -3.01471e-06  -1.04237e-05  1.88294  391.025 -8.32483e-06 -8.79549e-06 882.84 9726.55
12320  2.37057e-07  -7.73793e-06  -3.05144e-06  -1.05523e-05  1.88309  391.025 -8.41982e-06 -8.88761e-06 882.84 9726.55
12340  2.32984e-07  -7.82196e-06  -3.08745e-06  -1.06764e-05  1.88331  391.025 -8.51212e-06 -8.9764e-06 882.84 9726.55
12360  2.30712e-07  -7.90326e-06  -3.12197e-06  -1.07945e-05  1.88357  391.025 -8.60095e-06 -9.06151e-06 882.84 9726.55
12380  2.30631e-07  -7.98203e-06  -3.15432e-06  -1.09057e-05  1.88388  391.025 -8.68598e-06 -9.14304e-06 882.84 9726.55
12400  2.32896e-07  -8.05881e-06  -3.18411e-06  -1.101e-05  1.88419  391.025 -8.76736e-06 -9.22155e-06 882.84 9726.54
12420  2.37414e-07  -8.13435e-06  -3.2113e-06  -1.11082e-05  1.88451  391.025 -8.84567e-06 -9.29791e-06 882.84 9726.54
12440  2.43865e-07  -8.20946e-06  -3.23627e-06  -1.12019e-05  1.88479  391.025 -8.92188e-06 -9.37316e-06 882.839 9726.54
12460  2.51756e-07  -8.28484e-06  -3.25975e-06  -1.12928e-05  1.88504  391.025 -8.99712e-06 -9.44828e-06 882.839 9726.54
12480  2.60502e-07  -8.36097e-06  -3.28272e-06  -1.13832e-05  1.88524  391.025 -9.07257e-06 -9.5241e-06 882.839 9726.54
12500  2.69523e-07  -8.43802e-06  -3.30627e-06  -1.14748e-05  1.88539  391.025 -9.14922e-06 -9.6011e-06 882.839 9726.54
12520  2.78333e-07  -8.51585e-06  -3.33139e-06  -1.15689e-05  1.88548  391.025 -9.22775e-06 -9.67939e-06 882.839 9726.54
12540  2.86619e-07  -8.59409e-06  -3.35879e-06  -1.16663e-05  1.88552  391.025 -9.30844e-06 -9.75874e-06 882.839 9726.53
12560  2.94277e-07  -8.67222e-06  -3.38878e-06  -1.17667e-05  1.88551  391.025 -9.39112e-06 -9.83861e-06 882.839 9726.53
12580  3.0143e-07  -8.74969e-06  -3.42121e-06  -1.18695e-05  1.88546  391.025 -9.47522e-06 -9.91828e-06 882.839 9726.53
12600  3.08394e-07  -8.82602e-06  -3.45546e-06  -1.19731e-05  1.88536  391.025 -9.55989e-06 -9.99704e-06 882.839 9726.53
12620  3.15622e-07  -8.90089e-06  -3.49059e-06  -1.20759e-05  1.88523  391.025 -9.64415e-06 -1.00742e-05 882.839 9726.53
12640  3.23623e-07  -8.97419e-06  -3.52552e-06  -1.21761e-05  1.88506  391.025 -9.72701e-06 -1.01494e-05 882.839 9726.53
12660  3.32883e-07  -9.04597e-06  -3.55917e-06  -1.22723e-05  1.88487  391.025 -9.80767e-06 -1.02223e-05 882.839 9726.53
12680  3.4378e-07  -9.11646e-06  -3.59069e-06  -1.23634e-05  1.88466  391.025 -9.88565e-06 -1.02929e-05 882.839 9726.53
12700  3.56528e-07  -9.186e-06  -3.6196e-06  -1.24491e-05  1.88444  391.025 -9.96081e-06 -1.03617e-05 882.839 9726.53
12720  3.71135e-07  -9.25499e-06  -3.64585e-06  -1.25297e-05  1.88421  391.025 -1.00334e-05 -1.0429e-05 882.839 9726.52
12740  3.87396e-07  -9.32392e-06  -3.66983e-06  -1.26064e-05  1.88401  391.025 -1.01042e-05 -1.04956e-05 882.839 9726.52
12760  4.04908e-07  -9.39329e-06  -3.69228e-06  -1.26807e-05  1.88383  391.025 -1.0174e-05 -1.05621e-05 882.839 9726.52
12780  4.23109e-07  -9.46364e-06  -3.71415e-06  -1.27547e-05  1.8837  391.025 -1.02441e-05 -1.06295e-05 882.839 9726.52
12800  4.41331e-07  -9.53554e-06  -3.7365e-06  -1.28307e-05  1.88363  391.025 -1.03158e-05 -1.06985e-05 882.839 9726.52
12820  4.58865e-07  -9.60963e-06  -3.7603e-06  -1.29111e-05  1.88363  391.025 -1.03902e-05 -1.07701e-05 882.839 9726.52
12840  4.75019e-07  -9.68651e-06  -3.78633e-06  -1.29978e-05  1.8837  391.025 -1.04685e-05 -1.08451e-05 882.839 9726.52
12860  4.89183e-07  -9.76677e-06  -3.81515e-06  -1.30927e-05  1.88385  391.025 -1.05517e-05 -1.09239e-05 882.839 9726.52
12880  5.00871e-07  -9.85089e-06  -3.847e-06  -1.3197e-05  1.88404  391.025 -1.06402e-05 -1.10072e-05 882.839 9726.51
12900  5.09753e-07  -9.9392e-06  -3.88191e-06  -1.33114e-05  1.88428  391.025 -1.07344e-05 -1.10953e-05 882.839 9726.51
12920  5.15676e-07  -1.00318e-05  -3.91965e-06  -1.34358e-05  1.88452  391.025 -1.08343e-05 -1.11881e-05 882.839 9726.51
12940  5.1866e-07  -1.01287e-05  -3.95989e-06  -1.35699e-05  1.88475  391.025 -1.09395e-05 -1.12854e-05 882.839 9726.51
12960  5.18886e-07  -1.02294e-05  -4.00217e-06  -1.37127e-05  1.88494  391.025 -1.10494e-05 -1.13868e-05 882.84 9726.51
12980  5.16672e-07  -1.03335e-05  -4.046e-06  -1.38628e-05  1.88508  391.025 -1.11632e-05 -1.14916e-05 882.84 9726.51
13000  5.12434e-07  -1.04403e-05  -4.0909e-06  -1.40188e-05  1.88515  391.025 -1.12801e-05 -1.15993e-05 882.84 9726.51
13020  5.06655e-07  -1.05492e-05  -4.1364e-06  -1.4179e-05  1.88516  391.025 -1.13992e-05 -1.17089e-05 882.84 9726.5
13040  4.99838e-07  -1.06595e-05  -4.18209e-06  -1.43418e-05  1.88513  391.025 -1.15196e-05 -1.18199e-05 882.84 9726.5
13060  4.92485e-07  -1.07706e-05  -4.22762e-06  -1.45057e-05  1.88507  391.025 -1.16405e-05 -1.19314e-05 882.84 9726.5
13080  4.85061e-07  -1.08819e-05  -4.2727e-06  -1.46695e-05  1.88499  391.025 -1.17613e-05 -1.2043e-05 882.84 9726.5
13100  4.77984e-07  -1.09929e-05  -4.31713e-06  -1.48321e-05  1.88494  391.025 -1.18814e-05 -1.21542e-05 882.84 9726.5
13120  4.71612e-07  -1.11033e-05  -4.36078e-06  -1.49925e-05  1.88492  391.025 -1.20004e-05 -1.22646e-05 882.84 9726.5
13140  4.66244e-07  -1.12127e-05  -4.40362e-06  -1.51501e-05  1.88495  391.025 -1.2118e-05 -1.23738e-05 882.84 9726.49
13160  4.62119e-07  -1.13209e-05  -4.44565e-06  -1.53044e-05  1.88503  391.025 -1.22339e-05 -1.24816e-05 882.84 9726.49
13180  4.59415e-07  -1.14275e-05  -4.48695e-06  -1.5455e-05  1.88516  391.025 -1.2348e-05 -1.25877e-05 882.84 9726.49
13200  4.58246e-07  -1.15324e-05  -4.52758e-06  -1.56018e-05  1.88532  391.025 -1.24602e-05 -1.26919e-05 882.84 9726.49
13220  4.58653e-07  -1.16357e-05  -4.56764e-06  -1.57447e-05  1.88549  391.025 -1.25705e-05 -1.27943e-05 882.841 9726.49
13240  4.60589e-07  -1.17374e-05  -4.60719e-06  -1.5884e-05  1.88564  391.025 -1.26792e-05 -1.28948e-05 882.841 9726.49
13260  4.6391e-07  -1.18379e-05  -4.64629e-06  -1.60203e-05  1.88577  391.025 -1.27866e-05 -1.29938e-05 882.841 9726.48
13280  4.68363e-07  -1.19378e-05  -4.68504e-06  -1.61544e-05  1.88584  391.025 -1.28931e-05 -1.30919e-05 882.841 9726.48
13300  4.73587e-07  -1.20377e-05  -4.72356e-06  -1.62877e-05  1.88584  391.025 -1.29995e-05 -1.31898e-05 882.841 9726.48
13320  4.79122e-07  -1.21385e-05  -4.76205e-06  -1.64215e-05  1.88576  391.025 -1.31066e-05 -1.32884e-05 882.841 9726.48
13340  4.84444e-07  -1.22411e-05  -4.80081e-06  -1.65575e-05  1.88561  391.025 -1.32152e-05 -1.33888e-05 882.841 9726.48
13360  4.89001e-07  -1.23461e-05  -4.84024e-06  -1.66973e-05  1.88539  391.025 -1.33263e-05 -1.34917e-05 882.841 9726.48
13380  4.92273e-07  -1.24541e-05  -4.88079e-06  -1.68426e-05  1.88511  391.025 -1.34407e-05 -1.3598e-05 882.841 9726.47
13400  4.93823e-07  -1.25653e-05  -4.92294e-06  -1.69944e-05  1.88479  391.025 -1.35589e-05 -1.3708e-05 882.841 9726.47
13420  4.93358e-07  -1.26797e-05  -4.96713e-06  -1.71535e-05  1.88446  391.025 -1.36812e-05 -1.38219e-05 882.841 9726.47
13440  4.90759e-07  -1.27969e-05  -5.01362e-06  -1.73198e-05  1.88413  391.025 -1.38076e-05 -1.39392e-05 882.841 9726.47
13460  4.86107e-07  -1.29165e-05  -5.06248e-06  -1.74928e-05  1.88382  391.025 -1.39376e-05 -1.40593e-05 882.842 9726.47
13480  4.79662e-07  -1.30376e-05  -5.11352e-06  -1.76715e-05  1.88354  391.025 -1.40706e-05 -1.41815e-05 882.842 9726.47
13500  4.71834e-07  -1.31597e-05  -5.16629e-06  -1.78542e-05  1.88331  391.025 -1.42057e-05 -1.43046e-05 882.842 9726.46
13520  4.6312e-07  -1.32823e-05  -5.22012e-06  -1.80393e-05  1.88314  391.025 -1.43419e-05 -1.4428e-05 882.842 9726.46
13540  4.54025e-07  -1.3405e-05  -5.27422e-06  -1.82252e-05  1.88302  391.025 -1.44785e-05 -1.4551e-05 882.842 9726.46
13560  4.4499e-07  -1.35279e-05  -5.3278e-06  -1.84107e-05  1.88296  391.025 -1.46147e-05 -1.46734e-05 882.842 9726.46
13580  4.36325e-07  -1.36513e-05  -5.38021e-06  -1.85952e-05  1.88296  391.025 -1.47503e-05 -1.47953e-05 882.842 9726.46
13600  4.28161e-07  -1.37755e-05  -5.43108e-06  -1.87784e-05  1.88301  391.025 -1.48852e-05 -1.49171e-05 882.843 9726.46
13620  4.20436e-07  -1.39011e-05  -5.48037e-06  -1.8961e-05  1.88311  391.025 -1.502e-05 -1.50396e-05 882.843 9726.45
13640  4.12909e-07  -1.40286e-05  -5.5284e-06  -1.91441e-05  1.88323  391.025 -1.51552e-05 -1.51635e-05 882.843 9726.45
13660  4.05208e-07  -1.41584e-05  -5.57583e-06  -1.93291e-05  1.88339  391.025 -1.52916e-05 -1.52896e-05 882.843 9726.45
13680  3.96897e-07  -1.42907e-05  -5.62354e-06  -1.95173e-05  1.88356  391.025 -1.54301e-05 -1.54184e-05 882.843 9726.45
13700  3.87554e-07  -1.44253e-05  -5.67245e-06  -1.97102e-05  1.88375  391.025 -1.55714e-05 -1.55501e-05 882.843 9726.45
13720  3.76848e-07  -1.4562e-05  -5.72337e-06  -1.99086e-05  1.88394  391.025 -1.57157e-05 -1.56845e-05 882.843 9726.44
13740  3.64606e-07  -1.47003e-05  -5.77686e-06  -2.01125e-05  1.88412  391.025 -1.58632e-05 -1.58213e-05 882.843 9726.44
13760  3.50852e-07  -1.48395e-05  -5.83306e-06  -2.03217e-05  1.88429  391.025 -1.60135e-05 -1.59596e-05 882.844 9726.44
13780  3.35819e-07  -1.49789e-05  -5.89171e-06  -2.05348e-05  1.88443  391.025 -1.61658e-05 -1.60986e-05 882.844 9726.44
13800  3.19934e-07  -1.51179e-05  -5.95213e-06  -2.07501e-05  1.88454  391.025 -1.63192e-05 -1.62372e-05 882.844 9726.43
13820  3.03777e-07  -1.52559e-05  -6.01335e-06  -2.09655e-05  1.8846  391.025 -1.64723e-05 -1.63745e-05 882.844 9726.43
13840  2.88016e-07  -1.53923e-05  -6.07425e-06  -2.11785e-05  1.88461  391.025 -1.6624e-05 -1.65096e-05 882.844 9726.43
13860  2.73343e-07  -1.55265e-05  -6.13374e-06  -2.13869e-05  1.88457  391.025 -1.67729e-05 -1.66419e-05 882.844 9726.43
13880  2.60402e-07  -1.56582e-05  -6.19093e-06  -2.15887e-05  1.88447  391.025 -1.69181e-05 -1.67708e-05 882.845 9726.43
13900  2.49732e-07  -1.57869e-05  -6.24523e-06  -2.17824e-05  1.88431  391.025 -1.70587e-05 -1.68959e-05 882.845 9726.43
13920  2.41719e-07  -1.59122e-05  -6.2964e-06  -2.19669e-05  1.88411  391.025 -1.71943e-05 -1.7017e-05 882.845 9726.42
13940  2.36574e-07  -1.60338e-05  -6.34456e-06  -2.21418e-05  1.88389  391.025 -1.73248e-05 -1.71339e-05 882.845 9726.42
13960  2.34321e-07  -1.61518e-05  -6.39009e-06  -2.23076e-05  1.88366  391.025 -1.74503e-05 -1.72468e-05 882.845 9726.42
13980  2.34815e-07  -1.62662e-05  -6.43355e-06  -2.2465e-05  1.88344  391.025 -1.75714e-05 -1.73559e-05 882.846 9726.42
14000  2.37756e-07  -1.63775e-05  -6.47554e-06  -2.26153e-05  1.88325  391.025 -1.76889e-05 -1.74617e-05 882.846 9726.42
14020  2.4273e-07  -1.64863e-05  -6.51667e-06  -2.27603e-05  1.88311  391.025 -1.78036e-05 -1.75649e-05 882.846 9726.41
14040  2.49245e-07  -1.65935e-05  -6.55741e-06  -2.29016e-05  1.88301  391.025 -1.79165e-05 -1.76662e-05 882.846 9726.41
14060  2.56771e-07  -1.66998e-05  -6.59816e-06  -2.30412e-05  1.88296  391.025 -1.80288e-05 -1.77667e-05 882.846 9726.41
14080  2.64774e-07  -1.68062e-05  -6.63924e-06  -2.31807e-05  1.88295  391.025 -1.81413e-05 -1.78673e-05 882.846 9726.41
14100  2.72752e-07  -1.69136e-05  -6.68088e-06  -2.33217e-05  1.88295  391.025 -1.82549e-05 -1.79687e-05 882.846 9726.41
14120  2.80255e-07  -1.70224e-05  -6.72336e-06  -2.34655e-05  1.88297  391.025 -1.83703e-05 -1.80718e-05 882.847 9726.41
14140  2.86907e-07  -1.7133e-05  -6.76691e-06  -2.3613e-05  1.88296  391.025 -1.8488e-05 -1.81768e-05 882.847 9726.4
14160  2.92414e-07  -1.72455e-05  -6.81177e-06  -2.37649e-05  1.88292  391.025 -1.86083e-05 -1.82841e-05 882.847 9726.4
14180  2.96571e-07  -1.736e-05  -6.85812e-06  -2.39215e-05  1.88284  391.025 -1.87315e-05 -1.83934e-05 882.847 9726.4
14200  2.99259e-07  -1.74763e-05  -6.90603e-06  -2.40831e-05  1.88271  391.025 -1.88573e-05 -1.85046e-05 882.847 9726.4
14220  3.00446e-07  -1.75945e-05  -6.95542e-06  -2.42494e-05  1.88255  391.025 -1.89858e-05 -1.86175e-05 882.848 9726.4
14240  3.0018e-07  -1.77145e-05  -7.00603e-06  -2.44203e-05  1.88236  391.025 -1.91166e-05 -1.87319e-05 882.848 9726.4
14260  2.98586e-07  -1.78364e-05  -7.05745e-06  -2.45953e-05  1.88216  391.025 -1.92494e-05 -1.88476e-05 882.848 9726.39
14280  2.95859e-07  -1.79602e-05  -7.10917e-06  -2.47736e-05  1.88198  391.025 -1.93838e-05 -1.89646e-05 882.848 9726.39
14300  2.92261e-07  -1.80859e-05  -7.1607e-06  -2.49543e-05  1.88184  391.025 -1.95194e-05 -1.90827e-05 882.848 9726.39
14320  2.88109e-07  -1.8213e-05  -7.21162e-06  -2.51365e-05  1.88175  391.025 -1.96555e-05 -1.92019e-05 882.849 9726.39
14340  2.83773e-07  -1.83409e-05  -7.2617e-06  -2.53189e-05  1.88173  391.025 -1.97914e-05 -1.93217e-05 882.849 9726.39
14360  2.79653e-07  -1.84687e-05  -7.31089e-06  -2.54999e-05  1.88177  391.025 -1.99266e-05 -1.94416e-05 882.849 9726.38
14380  2.76163e-07  -1.85951e-05  -7.3593e-06  -2.56782e-05  1.88188  391.025 -2.00603e-05 -1.95605e-05 882.849 9726.38
14400  2.73699e-07  -1.8719e-05  -7.40716e-06  -2.58524e-05  1.88205  391.025 -2.01917e-05 -1.96773e-05 882.85 9726.38
14420  2.72614e-07  -1.88393e-05  -7.45465e-06  -2.60213e-05  1.88226  391.025 -2.03202e-05 -1.9791e-05 882.85 9726.38
14440  2.73176e-07  -1.89554e-05  -7.50183e-06  -2.61841e-05  1.88249  391.025 -2.04453e-05 -1.99007e-05 882.85 9726.38
14460  2.75547e-07  -1.90674e-05  -7.54857e-06  -2.63404e-05  1.88273  391.025 -2.05668e-05 -2.00057e-05 882.85 9726.37
14480  2.79756e-07  -1.91757e-05  -7.59454e-06  -2.64905e-05  1.88295  391.025 -2.06848e-05 -2.01062e-05 882.85 9726.37
14500  2.85696e-07  -1.92815e-05  -7.6393e-06  -2.66351e-05  1.88315  391.025 -2.07996e-05 -2.02029e-05 882.851 9726.37
14520  2.93128e-07  -1.9386e-05  -7.68239e-06  -2.67753e-05  1.88331  391.025 -2.0912e-05 -2.02967e-05 882.851 9726.37
14540  3.01715e-07  -1.94909e-05  -7.72356e-06  -2.69127e-05  1.88343  391.025 -2.10227e-05 -2.03893e-05 882.851 9726.37
14560  3.11054e-07  -1.9597e-05  -7.76282e-06  -2.70488e-05  1.88349  391.025 -2.11327e-05 -2.04821e-05 882.852 9726.37
14580  3.20741e-07  -1.97051e-05  -7.80059e-06  -2.7185e-05  1.88351  391.025 -2.12429e-05 -2.05764e-05 882.852 9726.36
14600  3.30417e-07  -1.9815e-05  -7.83763e-06  -2.73222e-05  1.88348  391.025 -2.1354e-05 -2.06727e-05 882.852 9726.36
14620  3.39825e-07  -1.9926e-05  -7.87494e-06  -2.74611e-05  1.8834  391.025 -2.14663e-05 -2.07711e-05 882.852 9726.36
14640  3.48843e-07  -2.00367e-05  -7.91353e-06  -2.76014e-05  1.88328  391.025 -2.15798e-05 -2.08708e-05 882.852 9726.36
14660  3.57504e-07  -2.01459e-05  -7.95419e-06  -2.77426e-05  1.88312  391.025 -2.1694e-05 -2.09707e-05 882.853 9726.36
14680  3.65986e-07  -2.02522e-05  -7.99727e-06  -2.78835e-05  1.88293  391.025 -2.18082e-05 -2.10692e-05 882.853 9726.36
14700  3.74579e-07  -2.03549e-05  -8.04251e-06  -2.80229e-05  1.88273  391.025 -2.19215e-05 -2.11649e-05 882.853 9726.35
14720  3.83634e-07  -2.04539e-05  -8.08908e-06  -2.81594e-05  1.88251  391.025 -2.2033e-05 -2.12568e-05 882.853 9726.35
14740  3.93494e-07  -2.05498e-05  -8.1357e-06  -2.8292e-05  1.8823  391.025 -2.21419e-05 -2.13446e-05 882.854 9726.35
14760  4.04429e-07  -2.06438e-05  -8.1809e-06  -2.84202e-05  1.8821  391.025 -2.2248e-05 -2.14286e-05 882.854 9726.35
14780  4.16575e-07  -2.07373e-05  -8.22335e-06  -2.8544e-05  1.88193  391.025 -2.23511e-05 -2.15099e-05 882.854 9726.35
14800  4.29892e-07  -2.08318e-05  -8.26218e-06  -2.86641e-05  1.88179  391.025 -2.24519e-05 -2.15899e-05 882.855 9726.35
14820  4.44149e-07  -2.09285e-05  -8.29724e-06  -2.87816e-05  1.8817  391.025 -2.25511e-05 -2.16704e-05 882.855 9726.35
14840  4.58931e-07  -2.10281e-05  -8.32916e-06  -2.88983e-05  1.88165  391.025 -2.26499e-05 -2.17528e-05 882.855 9726.34
14860  4.73678e-07  -2.11306e-05  -8.35926e-06  -2.90162e-05  1.88165  391.025 -2.27496e-05 -2.18383e-05 882.855 9726.34
14880  4.87745e-07  -2.12355e-05  -8.38936e-06  -2.91371e-05  1.8817  391.025 -2.28515e-05 -2.19274e-05 882.856 9726.34
14900  5.00467e-07  -2.13422e-05  -8.42135e-06  -2.9263e-05  1.8818  391.025 -2.29565e-05 -2.202e-05 882.856 9726.34
14920  5.11239e-07  -2.14498e-05  -8.45688e-06  -2.93955e-05  1.88194  391.025 -2.30656e-05 -2.21159e-05 882.856 9726.34
14940  5.19575e-07  -2.1558e-05  -8.49699e-06  -2.95354e-05  1.88211  391.025 -2.3179e-05 -2.22144e-05 882.856 9726.33
14960  5.25157e-07  -2.16667e-05  -8.54195e-06  -2.96835e-05  1.88229  391.025 -2.32968e-05 -2.23147e-05 882.857 9726.33
14980  5.27867e-07  -2.17764e-05  -8.59121e-06  -2.98397e-05  1.88249  391.025 -2.34188e-05 -2.24166e-05 882.857 9726.33
15000  5.27787e-07  -2.18878e-05  -8.64359e-06  -3.00036e-05  1.88268  391.025 -2.35444e-05 -2.25197e-05 882.857 9726.33
15020  5.25178e-07  -2.20017e-05  -8.69751e-06  -3.01741e-05  1.88286  391.025 -2.36729e-05 -2.26242e-05 882.858 9726.33
15040  5.20451e-07  -2.2119e-05  -8.7514e-06  -3.035e-05  1.883  391.025 -2.38035e-05 -2.27304e-05 882.858 9726.33
15060  5.14114e-07  -2.224e-05  -8.80395e-06  -3.05298e-05  1.88312  391.025 -2.39355e-05 -2.28383e-05 882.858 9726.32
15080  5.06726e-07  -2.23642e-05  -8.85439e-06  -3.07118e-05  1.88319  391.025 -2.40681e-05 -2.29482e-05 882.859 9726.32
15100  4.98849e-07  -2.24907e-05  -8.90255e-06  -3.08944e-05  1.88322  391.025 -2.42006e-05 -2.30596e-05 882.859 9726.32
15120  4.91004e-07  -2.26182e-05  -8.94881e-06  -3.1076e-05  1.88322  391.025 -2.43324e-05 -2.31719e-05 882.859 9726.32
15140  4.83647e-07  -2.27449e-05  -8.99389e-06  -3.12552e-05  1.8832  391.025 -2.44628e-05 -2.32841e-05 882.859 9726.32
15160  4.77148e-07  -2.28693e-05  -9.03861e-06  -3.14307e-05  1.88316  391.025 -2.45915e-05 -2.3395e-05 882.86 9726.31
15180  4.71784e-07  -2.299e-05  -9.08363e-06  -3.16019e-05  1.88313  391.025 -2.47179e-05 -2.35036e-05 882.86 9726.31
15200  4.67737e-07  -2.31066e-05  -9.12928e-06  -3.17681e-05  1.88312  391.025 -2.48419e-05 -2.3609e-05 882.86 9726.31
15220  4.65102e-07  -2.3219e-05  -9.17547e-06  -3.19293e-05  1.88313  391.025 -2.49632e-05 -2.37108e-05 882.861 9726.31
15240  4.6389e-07  -2.33279e-05  -9.22175e-06  -3.20858e-05  1.88317  391.025 -2.50819e-05 -2.3809e-05 882.861 9726.31
15260  4.64042e-07  -2.34345e-05  -9.26749e-06  -3.22379e-05  1.88323  391.025 -2.51983e-05 -2.3904e-05 882.861 9726.31
15280  4.65429e-07  -2.354e-05  -9.31203e-06  -3.23866e-05  1.88331  391.025 -2.53125e-05 -2.39968e-05 882.862 9726.3
15300  4.67861e-07  -2.36455e-05  -9.35495e-06  -3.25326e-05  1.88339  391.025 -2.54252e-05 -2.40882e-05 882.862 9726.3
15320  4.71095e-07  -2.3752e-05  -9.39614e-06  -3.2677e-05  1.88346  391.025 -2.5537e-05 -2.41794e-05 882.862 9726.3
15340  4.74837e-07  -2.38598e-05  -9.4359e-06  -3.28208e-05  1.88349  391.025 -2.56485e-05 -2.42712e-05 882.863 9726.3
15360  4.78757e-07  -2.3969e-05  -9.4749e-06  -3.29651e-05  1.88346  391.025 -2.57603e-05 -2.43641e-05 882.863 9726.3
15380  4.82499e-07  -2.40793e-05  -9.51401e-06  -3.31108e-05  1.88338  391.025 -2.58732e-05 -2.44585e-05 882.863 9726.29
15400  4.85698e-07  -2.41905e-05  -9.55412e-06  -3.3259e-05  1.88322  391.025 -2.59876e-05 -2.45545e-05 882.863 9726.29
15420  4.88007e-07  -2.43023e-05  -9.59597e-06  -3.34103e-05  1.88301  391.025 -2.6104e-05 -2.46521e-05 882.864 9726.29
15440  4.89111e-07  -2.44147e-05  -9.64003e-06  -3.35656e-05  1.88273  391.025 -2.62228e-05 -2.47512e-05 882.864 9726.29
15460  4.8876e-07  -2.45277e-05  -9.68641e-06  -3.37254e-05  1.88242  391.025 -2.63442e-05 -2.48518e-05 882.864 9726.29
15480  4.86785e-07  -2.4642e-05  -9.73487e-06  -3.38901e-05  1.88209  391.025 -2.64681e-05 -2.49538e-05 882.865 9726.29
15500  4.83116e-07  -2.4758e-05  -9.78496e-06  -3.40598e-05  1.88177  391.025 -2.65947e-05 -2.50575e-05 882.865 9726.28
15520  4.7779e-07  -2.48761e-05  -9.83607e-06  -3.42344e-05  1.88147  391.025 -2.67236e-05 -2.51628e-05 882.865 9726.28
15540  4.70951e-07  -2.49967e-05  -9.88764e-06  -3.44133e-05  1.88121  391.025 -2.68545e-05 -2.52698e-05 882.866 9726.28
15560  4.62834e-07  -2.51196e-05  -9.93921e-06  -3.4596e-05  1.881  391.025 -2.6987e-05 -2.53785e-05 882.866 9726.28
15580  4.53745e-07  -2.52446e-05  -9.99049e-06  -3.47813e-05  1.88085  391.025 -2.71207e-05 -2.54884e-05 882.866 9726.28
15600  4.44022e-07  -2.5371e-05  -1.00414e-05  -3.49684e-05  1.88076  391.025 -2.72551e-05 -2.55993e-05 882.867 9726.27
15620  4.34001e-07  -2.54981e-05  -1.00919e-05  -3.51561e-05  1.88073  391.025 -2.73896e-05 -2.57107e-05 882.867 9726.27
15640  4.23972e-07  -2.56253e-05  -1.01422e-05  -3.53436e-05  1.88076  391.025 -2.75239e-05 -2.58221e-05 882.867 9726.27
15660  4.14144e-07  -2.5752e-05  -1.01924e-05  -3.55303e-05  1.88082  391.025 -2.76578e-05 -2.59331e-05 882.868 9726.27
15680  4.0462e-07  -2.58781e-05  -1.02425e-05  -3.5716e-05  1.88093  391.025 -2.77912e-05 -2.60436e-05 882.868 9726.27
15700  3.95387e-07  -2.60037e-05  -1.02925e-05  -3.59009e-05  1.88105  391.025 -2.79243e-05 -2.61538e-05 882.868 9726.26
15720  3.86323e-07  -2.61293e-05  -1.03425e-05  -3.60855e-05  1.8812  391.025 -2.80574e-05 -2.6264e-05 882.869 9726.26
15740  3.77223e-07  -2.62554e-05  -1.03925e-05  -3.62707e-05  1.88135  391.025 -2.81909e-05 -2.63745e-05 882.869 9726.26
15760  3.67834e-07  -2.63825e-05  -1.04426e-05  -3.64573e-05  1.8815  391.025 -2.83252e-05 -2.64858e-05 882.869 9726.26
15780  3.57915e-07  -2.65111e-05  -1.04929e-05  -3.66461e-05  1.88164  391.025 -2.84607e-05 -2.65984e-05 882.87 9726.26
15800  3.4728e-07  -2.66412e-05  -1.05437e-05  -3.68376e-05  1.88177  391.025 -2.85976e-05 -2.67123e-05 882.87 9726.25
15820  3.35853e-07  -2.67725e-05  -1.05951e-05  -3.70318e-05  1.88187  391.025 -2.87358e-05 -2.68274e-05 882.87 9726.25
15840  3.23701e-07  -2.69045e-05  -1.06474e-05  -3.72281e-05  1.88194  391.025 -2.88751e-05 -2.69432e-05 882.871 9726.25
15860  3.11048e-07  -2.70361e-05  -1.07005e-05  -3.74256e-05  1.88197  391.025 -2.90147e-05 -2.70588e-05 882.871 9726.25
15880  2.98267e-07  -2.71665e-05  -1.07544e-05  -3.76227e-05  1.88196  391.025 -2.91539e-05 -2.71734e-05 882.871 9726.25
15900  2.85853e-07  -2.72947e-05  -1.08087e-05  -3.78175e-05  1.88191  391.025 -2.92915e-05 -2.7286e-05 882.872 9726.24
15920  2.74371e-07  -2.74197e-05  -1.08628e-05  -3.80082e-05  1.88182  391.025 -2.94267e-05 -2.73956e-05 882.872 9726.24
15940  2.64395e-07  -2.75412e-05  -1.0916e-05  -3.81928e-05  1.88169  391.025 -2.95583e-05 -2.75015e-05 882.872 9726.24
15960  2.56441e-07  -2.76589e-05  -1.09674e-05  -3.83699e-05  1.88154  391.025 -2.96856e-05 -2.76033e-05 882.873 9726.24
15980  2.50909e-07  -2.77729e-05  -1.10165e-05  -3.85385e-05  1.88137  391.025 -2.98083e-05 -2.7701e-05 882.873 9726.24
16000  2.48036e-07  -2.78836e-05  -1.10627e-05  -3.86982e-05  1.88118  391.025 -2.99261e-05 -2.77947e-05 882.873 9726.24
16020  2.47866e-07  -2.79914e-05  -1.11059e-05  -3.88494e-05  1.88101  391.025 -3.00393e-05 -2.78851e-05 882.874 9726.23
16040  2.50248e-07  -2.8097e-05  -1.11462e-05  -3.8993e-05  1.88084  391.025 -3.01486e-05 -2.79726e-05 882.874 9726.23
16060  2.54854e-07  -2.8201e-05  -1.11843e-05  -3.91304e-05  1.8807  391.025 -3.02547e-05 -2.80582e-05 882.874 9726.23
16080  2.61212e-07  -2.83039e-05  -1.12208e-05  -3.92634e-05  1.88058  391.025 -3.03588e-05 -2.81426e-05 882.875 9726.23
16100  2.68762e-07  -2.84061e-05  -1.12566e-05  -3.9394e-05  1.8805  391.025 -3.04619e-05 -2.82265e-05 882.875 9726.23
16120  2.76902e-07  -2.85082e-05  -1.12927e-05  -3.9524e-05  1.88045  391.025 -3.0565e-05 -2.83106e-05 882.875 9726.22
16140  2.85049e-07  -2.86104e-05  -1.13299e-05  -3.96553e-05  1.88043  391.025 -3.06691e-05 -2.83954e-05 882.875 9726.22
16160  2.92682e-07  -2.87132e-05  -1.13688e-05  -3.97893e-05  1.88044  391.025 -3.07749e-05 -2.84814e-05 882.876 9726.22
16180  2.99376e-07  -2.8817e-05  -1.14097e-05  -3.99273e-05  1.88046  391.025 -3.08832e-05 -2.8569e-05 882.876 9726.22
16200  3.04821e-07  -2.89221e-05  -1.14527e-05  -4.007e-05  1.88048  391.025 -3.09941e-05 -2.86585e-05 882.876 9726.22
16220  3.08833e-07  -2.90291e-05  -1.14974e-05  -4.02177e-05  1.8805  391.025 -3.11078e-05 -2.87502e-05 882.876 9726.22
16240  3.11341e-07  -2.91383e-05  -1.15437e-05  -4.03707e-05  1.8805  391.025 -3.12245e-05 -2.88444e-05 882.877 9726.21
16260  3.1238e-07  -2.92499e-05  -1.15909e-05  -4.05285e-05  1.88049  391.025 -3.13438e-05 -2.89412e-05 882.877 9726.21
16280  3.12072e-07  -2.9364e-05  -1.16388e-05  -4.06907e-05  1.88045  391.025 -3.14655e-05 -2.90404e-05 882.877 9726.21
16300  3.10606e-07  -2.94805e-05  -1.16868e-05  -4.08567e-05  1.88039  391.025 -3.15892e-05 -2.9142e-05 882.878 9726.21
16320  3.0822e-07  -2.95989e-05  -1.17348e-05  -4.10255e-05  1.88033  391.025 -3.17144e-05 -2.92456e-05 882.878 9726.21
16340  3.0519e-07  -2.97188e-05  -1.17826e-05  -4.11962e-05  1.88026  391.025 -3.18406e-05 -2.93506e-05 882.878 9726.2
16360  3.01811e-07  -2.98395e-05  -1.18301e-05  -4.13678e-05  1.88021  391.025 -3.19672e-05 -2.94565e-05 882.878 9726.2
16380  2.98395e-07  -2.99602e-05  -1.18774e-05  -4.15393e-05  1.88019  391.025 -3.20937e-05 -2.95626e-05 882.879 9726.2
16400  2.95251e-07  -3.00802e-05  -1.19245e-05  -4.17095e-05  1.8802  391.025 -3.22194e-05 -2.96681e-05 882.879 9726.2
16420  2.92684e-07  -3.01988e-05  -1.19713e-05  -4.18774e-05  1.88027  391.025 -3.23439e-05 -2.97724e-05 882.879 9726.2
16440  2.90978e-07  -3.03156e-05  -1.20176e-05  -4.20423e-05  1.8804  391.025 -3.24666e-05 -2.98751e-05 882.879 9726.19
16460  2.90383e-07  -3.04301e-05  -1.20635e-05  -4.22032e-05  1.88057  391.025 -3.25872e-05 -2.99757e-05 882.88 9726.19
16480  2.91103e-07  -3.05423e-05  -1.21086e-05  -4.23599e-05  1.88079  391.025 -3.27054e-05 -3.0074e-05 882.88 9726.19
16500  2.93277e-07  -3.06522e-05  -1.21529e-05  -4.25118e-05  1.88104  391.025 -3.28212e-05 -3.017e-05 882.88 9726.19
16520  2.96975e-07  -3.076e-05  -1.21961e-05  -4.26591e-05  1.88129  391.025 -3.29345e-05 -3.02639e-05 882.88 9726.19
16540  3.02181e-07  -3.08659e-05  -1.22382e-05  -4.2802e-05  1.88154  391.025 -3.30456e-05 -3.03559e-05 882.88 9726.19
16560  3.08799e-07  -3.09705e-05  -1.22793e-05  -4.29409e-05  1.88175  391.025 -3.31547e-05 -3.04464e-05 882.881 9726.18
16580  3.16657e-07  -3.10739e-05  -1.23194e-05  -4.30767e-05  1.88192  391.025 -3.32624e-05 -3.05359e-05 882.881 9726.18
16600  3.25523e-07  -3.11767e-05  -1.2359e-05  -4.32102e-05  1.88203  391.025 -3.3369e-05 -3.06248e-05 882.881 9726.18
16620  3.35124e-07  -3.12792e-05  -1.23983e-05  -4.33423e-05  1.88208  391.025 -3.34752e-05 -3.07135e-05 882.881 9726.18
16640  3.45175e-07  -3.13817e-05  -1.24376e-05  -4.3474e-05  1.88206  391.025 -3.35815e-05 -3.08024e-05 882.881 9726.18
16660  3.55409e-07  -3.14843e-05  -1.24772e-05  -4.36062e-05  1.88199  391.025 -3.36882e-05 -3.08918e-05 882.882 9726.18
16680  3.65606e-07  -3.15874e-05  -1.25175e-05  -4.37393e-05  1.88186  391.025 -3.37957e-05 -3.09819e-05 882.882 9726.17
16700  3.75615e-07  -3.16907e-05  -1.25586e-05  -4.38737e-05  1.8817  391.025 -3.39041e-05 -3.10726e-05 882.882 9726.17
16720  3.85367e-07  -3.17944e-05  -1.26005e-05  -4.40095e-05  1.88152  391.025 -3.40135e-05 -3.1164e-05 882.882 9726.17
16740  3.94885e-07  -3.18983e-05  -1.26431e-05  -4.41465e-05  1.88132  391.025 -3.41235e-05 -3.12557e-05 882.882 9726.17
16760  4.04267e-07  -3.20021e-05  -1.26862e-05  -4.4284e-05  1.88113  391.025 -3.42339e-05 -3.13476e-05 882.882 9726.17
16780  4.13671e-07  -3.21056e-05  -1.27297e-05  -4.44216e-05  1.88094  391.025 -3.43443e-05 -3.14394e-05 882.883 9726.17
16800  4.23276e-07  -3.22088e-05  -1.2773e-05  -4.45585e-05  1.88077  391.025 -3.44545e-05 -3.15308e-05 882.883 9726.16
16820  4.33246e-07  -3.23114e-05  -1.28161e-05  -4.46943e-05  1.88062  391.025 -3.4564e-05 -3.16217e-05 882.883 9726.16
16840  4.43688e-07  -3.24137e-05  -1.28585e-05  -4.48285e-05  1.88051  391.025 -3.46728e-05 -3.17121e-05 882.883 9726.16
16860  4.54618e-07  -3.25158e-05  -1.29002e-05  -4.49614e-05  1.88042  391.025 -3.47809e-05 -3.18022e-05 882.883 9726.16
16880  4.65932e-07  -3.26181e-05  -1.29412e-05  -4.50934e-05  1.88037  391.025 -3.48886e-05 -3.18925e-05 882.883 9726.16
16900  4.774e-07  -3.27212e-05  -1.29816e-05  -4.52255e-05  1.88036  391.025 -3.49966e-05 -3.19834e-05 882.884 9726.16
16920  4.88674e-07  -3.28257e-05  -1.30218e-05  -4.53588e-05  1.88039  391.025 -3.51054e-05 -3.20757e-05 882.884 9726.15
16940  4.99312e-07  -3.29323e-05  -1.30621e-05  -4.54951e-05  1.88045  391.025 -3.5216e-05 -3.21702e-05 882.884 9726.15
